3g_e2_1sku	6921168500970	1	1	1536826859	0	1536826862	0	((4119, 16L), (4120, 16L), (4121, 16L))
3g_e2_1sku	6921168500970	1	2	1536826863	0	1536826865	0	((4119, 8L), (4120, 9L), (4121, 8L))
3g_e2_1sku	6921168500970	1	1	1536826870	0	1536826872	0	((4119, 8L), (4120, 8L), (4121, 8L))
3g_e2_1sku	6921168500970	1	2	1536826873	0	1536826875	0	((4119, 8L), (4120, 8L), (4121, 8L))
3g_e2_1sku	6921168500970	1	1	1536826878	0	1536826881	0	((4119, 16L), (4120, 17L), (4121, 16L))
3g_e2_1sku	6921168500970	1	2	1536826881	0	1536826883	0	((4119, 8L), (4120, 8L), (4121, 9L))
3g_e2_1sku	6921168500970	1	1	1536826886	0	1536826889	0	((4119, 16L), (4120, 17L), (4121, 16L))
3g_e2_1sku	6921168500970	1	2	1536826889	0	1536826892	0	((4119, 17L), (4120, 16L), (4121, 17L))
3g_e2_1sku	6921168500970	1	1	1536826894	0	1536826897	0	((4119, 16L), (4120, 17L), (4121, 16L))
3g_e2_1sku	6921168500970	1	2	1536826897	0	1536826899	0	((4119, 9L), (4120, 8L), (4121, 8L))
3g_e2_1sku	6921168500970	1	1	1536826902	0	1536826904	0	((4119, 8L), (4120, 8L), (4121, 8L))
3g_e2_1sku	6921168500970	1	2	1536826905	0	1536826907	0	((4119, 8L), (4120, 9L), (4121, 9L))
3g_e2_1sku	6921168500970	1	1	1536826954	0	1536826956	0	((4119, 8L), (4120, 8L), (4121, 8L))
3g_e2_1sku	6921168500970	1	2	1536826957	0	1536826959	0	((4119, 8L), (4120, 8L), (4121, 9L))
3g_e2_1sku	6921168500970	1	1	1536826962	0	1536826964	0	((4119, 8L), (4120, 8L), (4121, 8L))
3g_e2_1sku	6921168500970	1	2	1536826964	0	1536826967	0	((4119, 16L), (4120, 16L), (4121, 16L))
3g_e2_1sku	6921168500970	1	1	1536826969	0	1536826971	0	((4119, 8L), (4120, 7L), (4121, 8L))
3g_e2_1sku	6921168500970	1	2	1536826971	0	1536826974	0	((4119, 16L), (4120, 17L), (4121, 16L))
3g_e2_1sku	6921168500970	1	1	1536826976	0	1536826978	0	((4119, 8L), (4120, 8L), (4121, 8L))
3g_e2_1sku	6921168500970	1	2	1536826979	0	1536826981	0	((4119, 7L), (4120, 9L), (4121, 9L))
3g_e2_1sku	6921168500970	1	1	1536826983	0	1536826986	0	((4119, 16L), (4120, 16L), (4121, 15L))
3g_e2_1sku	6921168500970	1	2	1536826986	0	1536826988	0	((4119, 8L), (4120, 9L), (4121, 9L))
3g_e2_1sku	6921168500970	1	1	1536826991	0	1536826994	0	((4119, 16L), (4120, 16L), (4121, 16L))
3g_e2_1sku	6921168500970	1	2	1536826994	0	1536826997	0	((4119, 16L), (4120, 16L), (4121, 16L))
3g_e2_1sku	6921168500970	1	1	1536827016	0	1536827018	0	((4119, 9L), (4120, 7L), (4121, 8L))
3g_e2_1sku	6921168500970	1	2	1536827019	0	1536827021	0	((4119, 8L), (4120, 8L), (4121, 8L))
3g_e2_1sku	6921168500970	1	1	1536827024	0	1536827026	0	((4119, 9L), (4120, 8L), (4121, 8L))
3g_e2_1sku	6921168500970	1	2	1536827027	0	1536827029	0	((4119, 9L), (4120, 8L), (4121, 9L))
3g_e2_1sku	6921168500970	1	1	1536827032	0	1536827035	0	((4119, 16L), (4120, 16L), (4121, 16L))
3g_e2_1sku	6921168500970	1	2	1536827035	0	1536827038	0	((4119, 16L), (4120, 16L), (4121, 16L))
3g_e2_1sku	6921168500970	1	1	1536827041	0	1536827043	0	((4119, 8L), (4120, 8L), (4121, 7L))
3g_e2_1sku	6921168500970	1	2	1536827044	0	1536827046	0	((4119, 8L), (4120, 8L), (4121, 8L))
3g_e2_1sku	6921168500970	1	1	1536827048	0	1536827052	0	((4119, 24L), (4120, 24L), (4121, 24L))
3g_e2_1sku	6921168500970	1	2	1536827055	0	1536827060	0	((4119, 32L), (4120, 33L), (4121, 33L))
3g_e2_1sku	6921168500970	1	1	1536827065	0	1536827068	0	((4119, 16L), (4120, 16L), (4121, 16L))
3g_e2_1sku	6921168500970	1	2	1536827068	0	1536827070	0	((4119, 8L), (4120, 8L), (4121, 8L))
