3g_b2_2sku	6934024590268	1	1	1536722165	0	1536722169	0	((4119, 24L), (4120, 24L), (4121, 23L))
3g_b2_2sku	6934024590268	1	2	1536722169	0	1536722173	0	((4119, 25L), (4120, 24L), (4121, 21L))
3g_b2_2sku	6934024590268	1	1	1536722175	0	1536722179	0	((4119, 24L), (4120, 25L), (4121, 24L))
3g_b2_2sku	6934024590268	1	2	1536722179	0	1536722183	0	((4119, 24L), (4120, 24L), (4121, 23L))
3g_b2_2sku	6934024590268	1	1	1536722185	0	1536722189	0	((4119, 25L), (4120, 24L), (4121, 23L))
3g_b2_2sku	6934024590268	1	2	1536722190	0	1536722193	0	((4119, 16L), (4120, 16L), (4121, 16L))
3g_b2_2sku	6934024590268	1	1	1536722234	0	1536722239	0	((4119, 32L), (4120, 32L), (4121, 32L))
3g_b2_2sku	6934024590268	1	2	1536722240	0	1536722243	0	((4119, 17L), (4120, 16L), (4121, 16L))
3g_b2_2sku	6934024590268	1	1	1536722247	0	1536722250	0	((4119, 17L), (4120, 17L), (4121, 17L))
3g_b2_2sku	6934024590268	1	2	1536722251	0	1536722254	0	((4119, 16L), (4120, 16L), (4121, 16L))
3g_b2_2sku	6934024590268	1	1	1536722258	0	1536722262	0	((4119, 25L), (4120, 25L), (4121, 23L))
3g_b2_2sku	6934024590268	1	2	1536722262	0	1536722266	0	((4119, 24L), (4120, 24L), (4121, 24L))
3g_b2_2sku	6934024590268	1	1	1536722301	0	1536722305	0	((4119, 24L), (4120, 24L), (4121, 24L))
3g_b2_2sku	6934024590268	1	2	1536722305	0	1536722309	0	((4119, 24L), (4120, 24L), (4121, 25L))
3g_b2_2sku	6934024590268	1	1	1536722312	0	1536722315	0	((4119, 16L), (4120, 16L), (4121, 16L))
3g_b2_2sku	6934024590268	1	2	1536722315	0	1536722318	0	((4119, 16L), (4120, 16L), (4121, 16L))
3g_b2_2sku	6934024590268	1	1	1536722321	0	1536722325	0	((4119, 24L), (4120, 24L), (4121, 24L))
3g_b2_2sku	6934024590268	1	2	1536722325	0	1536722328	0	((4119, 17L), (4120, 16L), (4121, 16L))
