3g_g3_1sku	6901035609654	1	1	1536634668	0	1536634670	0	((4119, 8L), (4120, 8L), (4121, 8L))
3g_g3_1sku	6901035609654	1	2	1536634673	0	1536634677	0	((4119, 24L), (4120, 25L), (4121, 24L))
3g_g3_1sku	6901035609654	1	1	1536634679	0	1536634681	0	((4119, 8L), (4120, 8L), (4121, 8L))
3g_g3_1sku	6901035609654	1	2	1536634681	0	1536634683	0	((4119, 8L), (4120, 8L), (4121, 8L))
3g_g3_1sku	6901035609654	1	1	1536634685	0	1536634687	0	((4119, 8L), (4120, 8L), (4121, 8L))
3g_g3_1sku	6901035609654	1	2	1536634687	0	1536634692	0	((4119, 33L), (4120, 33L), (4121, 32L))
3g_g3_1sku	6901035609654	1	1	1536634702	0	1536634708	0	((4119, 41L), (4120, 41L), (4121, 40L))
3g_g3_1sku	6901035609654	1	2	1536634708	0	1536634715	0	((4119, 49L), (4120, 49L), (4121, 49L))
3g_g3_1sku	6901035609654	1	1	1536634719	0	1536634721	0	((4119, 8L), (4120, 8L), (4121, 8L))
3g_g3_1sku	6901035609654	1	2	1536634724	0	1536634728	0	((4119, 24L), (4120, 24L), (4121, 24L))
3g_g3_1sku	6901035609654	1	1	1536634732	0	1536634735	0	((4119, 16L), (4120, 16L), (4121, 16L))
3g_g3_1sku	6901035609654	1	2	1536634736	0	1536634739	0	((4119, 16L), (4120, 17L), (4121, 16L))
3g_g3_1sku	6901035609654	1	1	1536634893	0	1536634898	0	((4119, 32L), (4120, 32L), (4121, 32L))
3g_g3_1sku	6901035609654	1	2	1536634898	0	1536634903	0	((4119, 32L), (4120, 32L), (4121, 32L))
3g_g3_1sku	6901035609654	1	1	1536634908	0	1536634910	0	((4119, 9L), (4120, 8L), (4121, 8L))
3g_g3_1sku	6901035609654	1	2	1536634911	0	1536634914	0	((4119, 16L), (4120, 17L), (4121, 16L))
3g_g3_1sku	6901035609654	1	1	1536634917	0	1536634921	0	((4119, 25L), (4120, 24L), (4121, 24L))
3g_g3_1sku	6901035609654	1	2	1536634921	0	1536634924	0	((4119, 16L), (4120, 16L), (4121, 15L))
3g_g3_1sku	6901035609654	1	1	1536634930	0	1536634932	0	((4119, 8L), (4120, 9L), (4121, 9L))
3g_g3_1sku	6901035609654	1	2	1536634932	0	1536634935	0	((4119, 16L), (4120, 16L), (4121, 16L))
3g_g3_1sku	6901035609654	1	1	1536634938	0	1536634944	0	((4119, 40L), (4120, 41L), (4121, 40L))
3g_g3_1sku	6901035609654	1	2	1536634944	0	1536634948	0	((4119, 24L), (4120, 24L), (4121, 24L))
3g_g3_1sku	6901035609654	1	1	1536634952	0	1536634954	0	((4119, 8L), (4120, 8L), (4121, 8L))
3g_g3_1sku	6901035609654	1	2	1536634955	0	1536634959	0	((4119, 24L), (4120, 25L), (4121, 24L))
3g_g3_1sku	6901035609654	1	1	1536634999	0	1536635002	0	((4119, 16L), (4120, 16L), (4121, 16L))
3g_g3_1sku	6901035609654	1	2	1536635002	0	1536635005	0	((4119, 17L), (4120, 16L), (4121, 16L))
3g_g3_1sku	6901035609654	1	1	1536635007	0	1536635010	0	((4119, 16L), (4120, 17L), (4121, 16L))
3g_g3_1sku	6901035609654	1	2	1536635010	0	1536635013	0	((4119, 16L), (4120, 17L), (4121, 16L))
3g_g3_1sku	6901035609654	1	1	1536635015	0	1536635020	0	((4119, 33L), (4120, 33L), (4121, 32L))
3g_g3_1sku	6901035609654	1	2	1536635020	0	1536635023	0	((4119, 16L), (4120, 16L), (4121, 16L))
3g_g3_1sku	6901035609654	1	1	1536635026	0	1536635029	0	((4119, 16L), (4120, 16L), (4121, 15L))
3g_g3_1sku	6901035609654	1	2	1536635029	0	1536635032	0	((4119, 16L), (4120, 16L), (4121, 16L))
3g_g3_1sku	6901035609654	1	1	1536635035	0	1536635040	0	((4119, 33L), (4120, 33L), (4121, 32L))
3g_g3_1sku	6901035609654	1	2	1536635040	0	1536635046	0	((4119, 41L), (4120, 40L), (4121, 40L))
3g_g3_1sku	6901035609654	1	1	1536635049	0	1536635051	0	((4119, 8L), (4120, 4L), (4121, 4L))
3g_g3_1sku	6901035609654	1	2	1536635051	0	1536635054	0	((4119, 16L), (4120, 23L), (4121, 24L))
