3g_d1_1sku	6956416205147	1	1	1536825734	0	1536825737	0	((4119, 16L), (4120, 16L), (4121, 16L))
3g_d1_1sku	6956416205147	1	1	1536825755	0	1536825757	0	((4119, 8L), (4120, 9L), (4121, 8L))
3g_d1_1sku	6956416205147	1	2	1536825758	0	1536825761	0	((4119, 16L), (4120, 16L), (4121, 16L))
3g_d1_1sku	6956416205147	1	1	1536825765	0	1536825768	0	((4119, 16L), (4120, 16L), (4121, 16L))
3g_d1_1sku	6956416205147	1	2	1536825768	0	1536825770	0	((4119, 9L), (4120, 8L), (4121, 8L))
3g_d1_1sku	6956416205147	1	1	1536825773	0	1536825775	0	((4119, 8L), (4120, 8L), (4121, 8L))
3g_d1_1sku	6956416205147	1	2	1536825775	0	1536825777	0	((4119, 8L), (4120, 8L), (4121, 8L))
3g_d1_1sku	6956416205147	1	1	1536825780	0	1536825782	0	((4119, 8L), (4120, 8L), (4121, 8L))
3g_d1_1sku	6956416205147	1	2	1536825783	0	1536825785	0	((4119, 8L), (4120, 8L), (4121, 8L))
3g_d1_1sku	6956416205147	1	1	1536825788	0	1536825790	0	((4119, 7L), (4120, 8L), (4121, 8L))
3g_d1_1sku	6956416205147	1	2	1536825790	0	1536825793	0	((4119, 16L), (4120, 16L), (4121, 16L))
3g_d1_1sku	6956416205147	1	1	1536825795	0	1536825798	0	((4119, 17L), (4120, 16L), (4121, 16L))
3g_d1_1sku	6956416205147	1	2	1536825799	0	1536825801	0	((4119, 8L), (4120, 8L), (4121, 9L))
3g_d1_1sku	6956416205147	1	1	1536825829	0	1536825832	0	((4119, 17L), (4120, 17L), (4121, 15L))
3g_d1_1sku	6956416205147	1	2	1536825832	0	1536825835	0	((4119, 16L), (4120, 16L), (4121, 16L))
3g_d1_1sku	6956416205147	1	1	1536825838	0	1536825840	0	((4119, 8L), (4120, 8L), (4121, 8L))
3g_d1_1sku	6956416205147	1	2	1536825840	0	1536825842	0	((4119, 7L), (4120, 8L), (4121, 8L))
3g_d1_1sku	6956416205147	1	1	1536825845	0	1536825848	0	((4119, 16L), (4120, 16L), (4121, 16L))
3g_d1_1sku	6956416205147	1	2	1536825848	0	1536825850	0	((4119, 9L), (4120, 8L), (4121, 8L))
3g_d1_1sku	6956416205147	1	1	1536825853	0	1536825855	0	((4119, 8L), (4120, 8L), (4121, 7L))
3g_d1_1sku	6956416205147	1	2	1536825856	0	1536825858	0	((4119, 8L), (4120, 8L), (4121, 8L))
3g_d1_1sku	6956416205147	1	1	1536825861	0	1536825863	0	((4119, 8L), (4120, 8L), (4121, 8L))
3g_d1_1sku	6956416205147	1	2	1536825864	0	1536825866	0	((4119, 8L), (4120, 8L), (4121, 8L))
3g_d1_1sku	6956416205147	1	1	1536825870	0	1536825872	0	((4119, 8L), (4120, 8L), (4121, 8L))
3g_d1_1sku	6956416205147	1	2	1536825873	0	1536825875	0	((4119, 8L), (4120, 9L), (4121, 7L))
3g_d1_1sku	6956416205147	1	1	1536825900	0	1536825902	0	((4119, 8L), (4120, 7L), (4121, 9L))
3g_d1_1sku	6956416205147	1	2	1536825903	0	1536825906	0	((4119, 16L), (4120, 16L), (4121, 16L))
3g_d1_1sku	6956416205147	1	1	1536825909	0	1536825911	0	((4119, 7L), (4120, 9L), (4121, 8L))
3g_d1_1sku	6956416205147	1	2	1536825911	0	1536825914	0	((4119, 16L), (4120, 16L), (4121, 16L))
3g_d1_1sku	6956416205147	1	1	1536825916	0	1536825918	0	((4119, 9L), (4120, 7L), (4121, 8L))
3g_d1_1sku	6956416205147	1	2	1536825919	0	1536825921	0	((4119, 9L), (4120, 8L), (4121, 7L))
3g_d1_1sku	6956416205147	1	1	1536825924	0	1536825926	0	((4119, 8L), (4120, 9L), (4121, 8L))
3g_d1_1sku	6956416205147	1	2	1536825926	0	1536825929	0	((4119, 16L), (4120, 16L), (4121, 16L))
3g_d1_1sku	6956416205147	1	1	1536825932	0	1536825934	0	((4119, 8L), (4120, 8L), (4121, 8L))
3g_d1_1sku	6956416205147	1	2	1536825935	0	1536825937	0	((4119, 7L), (4120, 8L), (4121, 8L))
3g_d1_1sku	6956416205147	1	1	1536825940	0	1536825942	0	((4119, 8L), (4120, 8L), (4121, 8L))
3g_d1_1sku	6956416205147	1	2	1536825943	0	1536825945	0	((4119, 9L), (4120, 8L), (4121, 8L))
