3g_g2_1sku	6901035609654	1	1	1536830411	0	1536830414	0	((4119, 16L), (4120, 17L), (4121, 17L))
3g_g2_1sku	6901035609654	1	2	1536830414	0	1536830417	0	((4119, 16L), (4120, 16L), (4121, 16L))
3g_g2_1sku	6901035609654	1	1	1536830420	0	1536830422	0	((4119, 8L), (4120, 8L), (4121, 8L))
3g_g2_1sku	6901035609654	1	2	1536830423	0	1536830425	0	((4119, 8L), (4120, 8L), (4121, 8L))
3g_g2_1sku	6901035609654	1	1	1536830427	0	1536830429	0	((4119, 8L), (4120, 8L), (4121, 8L))
3g_g2_1sku	6901035609654	1	2	1536830430	0	1536830432	0	((4119, 8L), (4120, 8L), (4121, 8L))
3g_g2_1sku	6901035609654	1	1	1536830435	0	1536830438	0	((4119, 16L), (4120, 17L), (4121, 16L))
3g_g2_1sku	6901035609654	1	2	1536830439	0	1536830441	0	((4119, 8L), (4120, 8L), (4121, 8L))
3g_g2_1sku	6901035609654	1	1	1536830444	0	1536830446	0	((4119, 8L), (4120, 8L), (4121, 8L))
3g_g2_1sku	6901035609654	1	2	1536830447	0	1536830449	0	((4119, 9L), (4120, 8L), (4121, 8L))
3g_g2_1sku	6901035609654	1	1	1536830452	0	1536830454	0	((4119, 8L), (4120, 9L), (4121, 8L))
3g_g2_1sku	6901035609654	1	2	1536830455	0	1536830458	0	((4119, 17L), (4120, 16L), (4121, 17L))
3g_g2_1sku	6901035609654	1	1	1536830493	0	1536830495	0	((4119, 8L), (4120, 8L), (4121, 8L))
3g_g2_1sku	6901035609654	1	2	1536830495	0	1536830498	0	((4119, 16L), (4120, 17L), (4121, 16L))
3g_g2_1sku	6901035609654	1	1	1536830501	0	1536830503	0	((4119, 9L), (4120, 8L), (4121, 8L))
3g_g2_1sku	6901035609654	1	2	1536830504	0	1536830507	0	((4119, 16L), (4120, 16L), (4121, 17L))
3g_g2_1sku	6901035609654	1	1	1536830510	0	1536830512	0	((4119, 9L), (4120, 9L), (4121, 8L))
3g_g2_1sku	6901035609654	1	2	1536830513	0	1536830516	0	((4119, 16L), (4120, 17L), (4121, 17L))
3g_g2_1sku	6901035609654	1	1	1536830519	0	1536830522	0	((4119, 16L), (4120, 17L), (4121, 16L))
3g_g2_1sku	6901035609654	1	2	1536830522	0	1536830525	0	((4119, 16L), (4120, 16L), (4121, 16L))
3g_g2_1sku	6901035609654	1	1	1536830529	0	1536830531	0	((4119, 8L), (4120, 9L), (4121, 8L))
3g_g2_1sku	6901035609654	1	2	1536830532	0	1536830534	0	((4119, 8L), (4120, 8L), (4121, 8L))
3g_g2_1sku	6901035609654	1	1	1536830537	0	1536830540	0	((4119, 16L), (4120, 16L), (4121, 16L))
3g_g2_1sku	6901035609654	1	2	1536830541	0	1536830543	0	((4119, 8L), (4120, 8L), (4121, 8L))
3g_g2_1sku	6901035609654	1	1	1536830564	0	1536830567	0	((4119, 16L), (4120, 16L), (4121, 16L))
3g_g2_1sku	6901035609654	1	2	1536830567	0	1536830570	0	((4119, 16L), (4120, 16L), (4121, 16L))
3g_g2_1sku	6901035609654	1	1	1536830573	0	1536830576	0	((4119, 16L), (4120, 16L), (4121, 16L))
3g_g2_1sku	6901035609654	1	2	1536830576	0	1536830578	0	((4119, 9L), (4120, 8L), (4121, 9L))
3g_g2_1sku	6901035609654	1	1	1536830581	0	1536830584	0	((4119, 16L), (4120, 16L), (4121, 15L))
3g_g2_1sku	6901035609654	1	2	1536830585	0	1536830588	0	((4119, 17L), (4120, 17L), (4121, 17L))
3g_g2_1sku	6901035609654	1	1	1536830591	0	1536830594	0	((4119, 16L), (4120, 16L), (4121, 16L))
3g_g2_1sku	6901035609654	1	2	1536830594	0	1536830597	0	((4119, 16L), (4120, 17L), (4121, 16L))
3g_g2_1sku	6901035609654	1	1	1536830600	0	1536830602	0	((4119, 8L), (4120, 8L), (4121, 8L))
3g_g2_1sku	6901035609654	1	2	1536830603	0	1536830605	0	((4119, 8L), (4120, 9L), (4121, 8L))
3g_g2_1sku	6901035609654	1	1	1536830608	0	1536830611	0	((4119, 16L), (4120, 16L), (4121, 16L))
3g_g2_1sku	6901035609654	1	2	1536830611	0	1536830614	0	((4119, 17L), (4120, 16L), (4121, 15L))
