3g_e1_1sku	6921168500956	1	1	1536826585	0	1536826587	0	((4119, 8L), (4120, 8L), (4121, 8L))
3g_e1_1sku	6921168500956	1	2	1536826588	0	1536826590	0	((4119, 8L), (4120, 8L), (4121, 8L))
3g_e1_1sku	6921168500956	1	1	1536826593	0	1536826595	0	((4119, 8L), (4120, 9L), (4121, 8L))
3g_e1_1sku	6921168500956	1	2	1536826596	0	1536826598	0	((4119, 8L), (4120, 8L), (4121, 8L))
3g_e1_1sku	6921168500956	1	1	1536826600	0	1536826602	0	((4119, 8L), (4120, 8L), (4121, 8L))
3g_e1_1sku	6921168500956	1	2	1536826603	0	1536826605	0	((4119, 8L), (4120, 8L), (4121, 8L))
3g_e1_1sku	6921168500956	1	1	1536826609	0	1536826611	0	((4119, 8L), (4120, 8L), (4121, 8L))
3g_e1_1sku	6921168500956	1	2	1536826612	0	1536826614	0	((4119, 7L), (4120, 9L), (4121, 8L))
3g_e1_1sku	6921168500956	1	1	1536826616	0	1536826618	0	((4119, 8L), (4120, 8L), (4121, 8L))
3g_e1_1sku	6921168500956	1	2	1536826619	0	1536826621	0	((4119, 8L), (4120, 8L), (4121, 8L))
3g_e1_1sku	6921168500956	1	1	1536826627	0	1536826629	0	((4119, 8L), (4120, 8L), (4121, 9L))
3g_e1_1sku	6921168500956	1	2	1536826629	0	1536826631	0	((4119, 8L), (4120, 8L), (4121, 7L))
3g_e1_1sku	6921168500956	1	1	1536826680	0	1536826683	0	((4119, 16L), (4120, 16L), (4121, 17L))
3g_e1_1sku	6921168500956	1	2	1536826684	0	1536826686	0	((4119, 7L), (4120, 8L), (4121, 9L))
3g_e1_1sku	6921168500956	1	1	1536826689	0	1536826691	0	((4119, 8L), (4120, 9L), (4121, 8L))
3g_e1_1sku	6921168500956	1	2	1536826692	0	1536826694	0	((4119, 9L), (4120, 8L), (4121, 8L))
3g_e1_1sku	6921168500956	1	1	1536826697	0	1536826699	0	((4119, 8L), (4120, 8L), (4121, 8L))
3g_e1_1sku	6921168500956	1	2	1536826699	0	1536826702	0	((4119, 16L), (4120, 17L), (4121, 16L))
3g_e1_1sku	6921168500956	1	1	1536826705	0	1536826707	0	((4119, 8L), (4120, 9L), (4121, 8L))
3g_e1_1sku	6921168500956	1	2	1536826707	0	1536826710	0	((4119, 16L), (4120, 16L), (4121, 15L))
3g_e1_1sku	6921168500956	1	1	1536826712	0	1536826715	0	((4119, 17L), (4120, 16L), (4121, 16L))
3g_e1_1sku	6921168500956	1	2	1536826716	0	1536826718	0	((4119, 8L), (4120, 8L), (4121, 8L))
3g_e1_1sku	6921168500956	1	1	1536826720	0	1536826723	0	((4119, 17L), (4120, 17L), (4121, 16L))
3g_e1_1sku	6921168500956	1	2	1536826723	0	1536826725	0	((4119, 8L), (4120, 8L), (4121, 8L))
3g_e1_1sku	6921168500956	1	1	1536826756	0	1536826758	0	((4119, 8L), (4120, 8L), (4121, 8L))
3g_e1_1sku	6921168500956	1	2	1536826758	0	1536826761	0	((4119, 16L), (4120, 16L), (4121, 16L))
3g_e1_1sku	6921168500956	1	1	1536826764	0	1536826766	0	((4119, 8L), (4120, 8L), (4121, 8L))
3g_e1_1sku	6921168500956	1	2	1536826767	0	1536826769	0	((4119, 8L), (4120, 8L), (4121, 8L))
3g_e1_1sku	6921168500956	1	1	1536826772	0	1536826775	0	((4119, 16L), (4120, 16L), (4121, 17L))
3g_e1_1sku	6921168500956	1	2	1536826775	0	1536826778	0	((4119, 8L), (4120, 8L), (4121, 8L))
3g_e1_1sku	6921168500956	1	1	1536826780	0	1536826783	0	((4119, 17L), (4120, 16L), (4121, 16L))
3g_e1_1sku	6921168500956	1	2	1536826784	0	1536826786	0	((4119, 8L), (4120, 8L), (4121, 8L))
3g_e1_1sku	6921168500956	1	1	1536826789	0	1536826791	0	((4119, 8L), (4120, 8L), (4121, 8L))
3g_e1_1sku	6921168500956	1	2	1536826792	0	1536826794	0	((4119, 8L), (4120, 8L), (4121, 8L))
3g_e1_1sku	6921168500956	1	1	1536826797	0	1536826800	0	((4119, 16L), (4120, 17L), (4121, 16L))
3g_e1_1sku	6921168500956	1	2	1536826800	0	1536826802	0	((4119, 8L), (4120, 8L), (4121, 7L))
