3g_g2_1sku	6902083881559	1	1	1536634338	0	1536634341	0	((4119, 17L), (4120, 16L), (4121, 17L))
3g_g2_1sku	6902083881559	1	2	1536634342	0	1536634344	0	((4119, 8L), (4120, 8L), (4121, 8L))
3g_g2_1sku	6902083881559	1	1	1536634347	0	1536634349	0	((4119, 8L), (4120, 8L), (4121, 8L))
3g_g2_1sku	6902083881559	1	2	1536634349	0	1536634351	0	((4119, 8L), (4120, 8L), (4121, 8L))
3g_g2_1sku	6902083881559	1	1	1536634354	0	1536634356	0	((4119, 8L), (4120, 8L), (4121, 8L))
3g_g2_1sku	6902083881559	1	2	1536634356	0	1536634359	0	((4119, 16L), (4120, 16L), (4121, 16L))
3g_g2_1sku	6902083881559	1	1	1536634361	0	1536634364	0	((4119, 16L), (4120, 17L), (4121, 16L))
3g_g2_1sku	6902083881559	1	2	1536634364	0	1536634366	0	((4119, 9L), (4120, 8L), (4121, 9L))
3g_g2_1sku	6902083881559	1	1	1536634369	0	1536634371	0	((4119, 8L), (4120, 9L), (4121, 8L))
3g_g2_1sku	6902083881559	1	2	1536634371	0	1536634374	0	((4119, 16L), (4120, 16L), (4121, 16L))
3g_g2_1sku	6902083881559	1	1	1536634376	0	1536634379	0	((4119, 17L), (4120, 17L), (4121, 17L))
3g_g2_1sku	6902083881559	1	2	1536634379	0	1536634382	0	((4119, 16L), (4120, 17L), (4121, 16L))
3g_g2_1sku	6902083881559	1	1	1536634417	0	1536634419	0	((4119, 9L), (4120, 8L), (4121, 8L))
3g_g2_1sku	6902083881559	1	2	1536634419	0	1536634422	0	((4119, 17L), (4120, 16L), (4121, 16L))
3g_g2_1sku	6902083881559	1	1	1536634425	0	1536634427	0	((4119, 8L), (4120, 8L), (4121, 9L))
3g_g2_1sku	6902083881559	1	2	1536634427	0	1536634430	0	((4119, 16L), (4120, 17L), (4121, 16L))
3g_g2_1sku	6902083881559	1	1	1536634434	0	1536634436	0	((4119, 9L), (4120, 9L), (4121, 9L))
3g_g2_1sku	6902083881559	1	2	1536634436	0	1536634439	0	((4119, 16L), (4120, 16L), (4121, 16L))
3g_g2_1sku	6902083881559	1	1	1536634441	0	1536634443	0	((4119, 8L), (4120, 8L), (4121, 8L))
3g_g2_1sku	6902083881559	1	2	1536634444	0	1536634446	0	((4119, 8L), (4120, 8L), (4121, 8L))
3g_g2_1sku	6902083881559	1	1	1536634448	0	1536634453	0	((4119, 33L), (4120, 33L), (4121, 32L))
3g_g2_1sku	6902083881559	1	2	1536634454	0	1536634456	0	((4119, 8L), (4120, 8L), (4121, 8L))
3g_g2_1sku	6902083881559	1	1	1536634460	0	1536634462	0	((4119, 8L), (4120, 8L), (4121, 8L))
3g_g2_1sku	6902083881559	1	2	1536634462	0	1536634465	0	((4119, 17L), (4120, 16L), (4121, 16L))
3g_g2_1sku	6902083881559	1	1	1536634491	0	1536634494	0	((4119, 16L), (4120, 17L), (4121, 16L))
3g_g2_1sku	6902083881559	1	2	1536634494	0	1536634496	0	((4119, 9L), (4120, 8L), (4121, 8L))
3g_g2_1sku	6902083881559	1	1	1536634499	0	1536634501	0	((4119, 8L), (4120, 8L), (4121, 8L))
3g_g2_1sku	6902083881559	1	2	1536634501	0	1536634503	0	((4119, 8L), (4120, 8L), (4121, 8L))
3g_g2_1sku	6902083881559	1	1	1536634506	0	1536634508	0	((4119, 8L), (4120, 8L), (4121, 9L))
3g_g2_1sku	6902083881559	1	2	1536634509	0	1536634511	0	((4119, 8L), (4120, 8L), (4121, 8L))
3g_g2_1sku	6902083881559	1	1	1536634514	0	1536634518	0	((4119, 16L), (4120, 24L), (4121, 16L))
3g_g2_1sku	6902083881559	1	2	1536634524	0	1536634527	0	((4119, 15L), (4120, 16L), (4121, 16L))
3g_g2_1sku	6902083881559	1	1	1536634530	0	1536634532	0	((4119, 8L), (4120, 8L), (4121, 9L))
3g_g2_1sku	6902083881559	1	2	1536634533	0	1536634535	0	((4119, 8L), (4120, 8L), (4121, 8L))
3g_g2_1sku	6902083881559	1	1	1536634538	0	1536634540	0	((4119, 12L), (4120, 8L), (4121, 8L))
3g_g2_1sku	6902083881559	1	2	1536634540	0	1536634542	0	((4119, 8L), (4120, 8L), (4121, 8L))
