3g_k1_2sku	6911988005205	1	1	1536806676	0	1536806679	0	((4119, 16L), (4120, 16L), (4121, 16L))
3g_k1_2sku	6911988005205	1	2	1536806680	0	1536806683	0	((4119, 17L), (4120, 17L), (4121, 17L))
3g_k1_2sku	6911988005205	1	1	1536806686	0	1536806689	0	((4119, 16L), (4120, 17L), (4121, 16L))
3g_k1_2sku	6911988005205	1	2	1536806689	0	1536806693	0	((4119, 23L), (4120, 24L), (4121, 24L))
3g_k1_2sku	6911988005205	1	1	1536806697	0	1536806699	0	((4119, 7L), (4120, 8L), (4121, 8L))
3g_k1_2sku	6911988005205	1	2	1536806700	0	1536806703	0	((4119, 16L), (4120, 17L), (4121, 16L))
3g_k1_2sku	6911988005205	1	1	1536806746	0	1536806748	0	((4119, 8L), (4120, 8L), (4121, 8L))
3g_k1_2sku	6911988005205	1	2	1536806749	0	1536806751	0	((4119, 8L), (4120, 8L), (4121, 8L))
3g_k1_2sku	6911988005205	1	1	1536806754	0	1536806757	0	((4119, 16L), (4120, 16L), (4121, 16L))
3g_k1_2sku	6911988005205	1	2	1536806757	0	1536806760	0	((4119, 16L), (4120, 16L), (4121, 16L))
3g_k1_2sku	6911988005205	1	1	1536806763	0	1536806766	0	((4119, 16L), (4120, 16L), (4121, 16L))
3g_k1_2sku	6911988005205	1	2	1536806767	0	1536806769	0	((4119, 9L), (4120, 8L), (4121, 8L))
3g_k1_2sku	6911988005205	1	1	1536806789	0	1536806792	0	((4119, 16L), (4120, 16L), (4121, 16L))
3g_k1_2sku	6911988005205	1	2	1536806792	0	1536806795	0	((4119, 16L), (4120, 16L), (4121, 16L))
3g_k1_2sku	6911988005205	1	1	1536806798	0	1536806801	0	((4119, 16L), (4120, 16L), (4121, 16L))
3g_k1_2sku	6911988005205	1	2	1536806801	0	1536806804	0	((4119, 16L), (4120, 17L), (4121, 16L))
3g_k1_2sku	6911988005205	1	1	1536806806	0	1536806809	0	((4119, 17L), (4120, 16L), (4121, 16L))
3g_k1_2sku	6911988005205	1	2	1536806810	0	1536806812	0	((4119, 8L), (4120, 8L), (4121, 8L))
