3g_i1_2sku	6920907805161	1	1	1536805196	0	1536805204	0	((4119, 57L), (4120, 57L), (4121, 57L))
3g_i1_2sku	6920907805161	1	2	1536805204	0	1536805207	0	((4119, 16L), (4120, 17L), (4121, 16L))
3g_i1_2sku	6920907805161	1	1	1536805211	0	1536805213	0	((4119, 8L), (4120, 8L), (4121, 8L))
3g_i1_2sku	6920907805161	1	2	1536805214	0	1536805217	0	((4119, 15L), (4120, 17L), (4121, 16L))
3g_i1_2sku	6920907805161	1	1	1536805220	0	1536805222	0	((4119, 8L), (4120, 8L), (4121, 8L))
3g_i1_2sku	6920907805161	1	2	1536805223	0	1536805226	0	((4119, 17L), (4120, 16L), (4121, 17L))
3g_i1_2sku	6920907805161	1	1	1536805315	0	1536805318	0	((4119, 16L), (4120, 16L), (4121, 16L))
3g_i1_2sku	6920907805161	1	2	1536805318	0	1536805321	0	((4119, 16L), (4120, 16L), (4121, 16L))
3g_i1_2sku	6920907805161	1	1	1536805324	0	1536805326	0	((4119, 7L), (4120, 7L), (4121, 8L))
3g_i1_2sku	6920907805161	1	2	1536805327	0	1536805329	0	((4119, 8L), (4120, 8L), (4121, 8L))
3g_i1_2sku	6920907805161	1	1	1536805331	0	1536805334	0	((4119, 16L), (4120, 15L), (4121, 16L))
3g_i1_2sku	6920907805161	1	2	1536805334	0	1536805337	0	((4119, 17L), (4120, 16L), (4121, 16L))
3g_i1_2sku	6920907805161	1	1	1536805410	0	1536805414	0	((4119, 24L), (4120, 24L), (4121, 25L))
3g_i1_2sku	6920907805161	1	2	1536805414	0	1536805418	0	((4119, 24L), (4120, 25L), (4121, 24L))
3g_i1_2sku	6920907805161	1	1	1536805421	0	1536805425	0	((4119, 24L), (4120, 25L), (4121, 25L))
3g_i1_2sku	6920907805161	1	2	1536805426	0	1536805429	0	((4119, 16L), (4120, 17L), (4121, 16L))
3g_i1_2sku	6920907805161	1	1	1536805431	0	1536805433	0	((4119, 8L), (4120, 8L), (4121, 8L))
3g_i1_2sku	6920907805161	1	2	1536805434	0	1536805436	0	((4119, 8L), (4120, 9L), (4121, 8L))
3g_i1_2sku	6920907805161	1	1	1536805475	0	1536805478	0	((4119, 17L), (4120, 16L), (4121, 17L))
3g_i1_2sku	6920907805161	1	2	1536805479	0	1536805482	0	((4119, 16L), (4120, 16L), (4121, 17L))
3g_i1_2sku	6920907805161	1	1	1536805485	0	1536805487	0	((4119, 8L), (4120, 8L), (4121, 9L))
3g_i1_2sku	6920907805161	1	2	1536805488	0	1536805490	0	((4119, 8L), (4120, 8L), (4121, 9L))
3g_i1_2sku	6920907805161	1	1	1536805493	0	1536805495	0	((4119, 9L), (4120, 8L), (4121, 8L))
3g_i1_2sku	6920907805161	1	2	1536805496	0	1536805498	0	((4119, 9L), (4120, 8L), (4121, 8L))
3g_i1_2sku	6920907805161	1	1	1536805525	0	1536805528	0	((4119, 16L), (4120, 17L), (4121, 16L))
3g_i1_2sku	6920907805161	1	2	1536805528	0	1536805531	0	((4119, 16L), (4120, 16L), (4121, 16L))
3g_i1_2sku	6920907805161	1	1	1536805533	0	1536805535	0	((4119, 8L), (4120, 7L), (4121, 8L))
3g_i1_2sku	6920907805161	1	2	1536805536	0	1536805538	0	((4119, 9L), (4120, 8L), (4121, 8L))
3g_i1_2sku	6920907805161	1	1	1536805540	0	1536805542	0	((4119, 8L), (4120, 9L), (4121, 8L))
3g_i1_2sku	6920907805161	1	2	1536805543	0	1536805546	0	((4119, 16L), (4120, 16L), (4121, 17L))
