3g_k2_2sku	6901668004147	1	1	1536806874	0	1536806877	0	((4119, 16L), (4120, 16L), (4121, 16L))
3g_k2_2sku	6901668004147	1	2	1536806878	0	1536806881	0	((4119, 17L), (4120, 16L), (4121, 16L))
3g_k2_2sku	6901668004147	1	1	1536806884	0	1536806887	0	((4119, 16L), (4120, 17L), (4121, 16L))
3g_k2_2sku	6901668004147	1	2	1536806888	0	1536806891	0	((4119, 16L), (4120, 16L), (4121, 16L))
3g_k2_2sku	6901668004147	1	1	1536806895	0	1536806897	0	((4119, 8L), (4120, 8L), (4121, 8L))
3g_k2_2sku	6901668004147	1	2	1536806898	0	1536806901	0	((4119, 16L), (4120, 17L), (4121, 17L))
3g_k2_2sku	6901668004147	1	1	1536806971	0	1536806974	0	((4119, 16L), (4120, 16L), (4121, 16L))
3g_k2_2sku	6901668004147	1	2	1536806974	0	1536806976	0	((4119, 8L), (4120, 8L), (4121, 7L))
3g_k2_2sku	6901668004147	1	1	1536806979	0	1536806982	0	((4119, 16L), (4120, 16L), (4121, 16L))
3g_k2_2sku	6901668004147	1	2	1536806983	0	1536806986	0	((4119, 16L), (4120, 16L), (4121, 16L))
3g_k2_2sku	6901668004147	1	1	1536806989	0	1536806991	0	((4119, 8L), (4120, 8L), (4121, 8L))
3g_k2_2sku	6901668004147	1	2	1536806992	0	1536806995	0	((4119, 16L), (4120, 16L), (4121, 16L))
3g_k2_2sku	6901668004147	1	1	1536807025	0	1536807028	0	((4119, 16L), (4120, 17L), (4121, 16L))
3g_k2_2sku	6901668004147	1	2	1536807028	0	1536807031	0	((4119, 16L), (4120, 16L), (4121, 16L))
3g_k2_2sku	6901668004147	1	1	1536807034	0	1536807038	0	((4119, 24L), (4120, 24L), (4121, 25L))
3g_k2_2sku	6901668004147	1	2	1536807038	0	1536807041	0	((4119, 17L), (4120, 17L), (4121, 16L))
3g_k2_2sku	6901668004147	1	1	1536807044	0	1536807046	0	((4119, 8L), (4120, 8L), (4121, 8L))
3g_k2_2sku	6901668004147	1	2	1536807047	0	1536807049	0	((4119, 8L), (4120, 8L), (4121, 8L))
