3g_l2_2sku	6914973601536	1	1	1536808028	0	1536808032	0	((4119, 25L), (4120, 25L), (4121, 24L))
3g_l2_2sku	6914973601536	1	2	1536808032	0	1536808035	0	((4119, 16L), (4120, 16L), (4121, 17L))
3g_l2_2sku	6914973601536	1	1	1536808037	0	1536808040	0	((4119, 16L), (4120, 16L), (4121, 16L))
3g_l2_2sku	6914973601536	1	2	1536808041	0	1536808043	0	((4119, 8L), (4120, 8L), (4121, 8L))
3g_l2_2sku	6914973601536	1	1	1536808046	0	1536808048	0	((4119, 7L), (4120, 8L), (4121, 8L))
3g_l2_2sku	6914973601536	1	2	1536808049	0	1536808051	0	((4119, 8L), (4120, 8L), (4121, 8L))
3g_l2_2sku	6914973601536	1	1	1536808120	0	1536808122	0	((4119, 8L), (4120, 8L), (4121, 8L))
3g_l2_2sku	6914973601536	1	2	1536808123	0	1536808126	0	((4119, 17L), (4120, 16L), (4121, 16L))
3g_l2_2sku	6914973601536	1	1	1536808128	0	1536808131	0	((4119, 16L), (4120, 15L), (4121, 16L))
3g_l2_2sku	6914973601536	1	2	1536808132	0	1536808134	0	((4119, 8L), (4120, 8L), (4121, 8L))
3g_l2_2sku	6914973601536	1	1	1536808136	0	1536808139	0	((4119, 16L), (4120, 16L), (4121, 16L))
3g_l2_2sku	6914973601536	1	2	1536808139	0	1536808142	0	((4119, 17L), (4120, 15L), (4121, 17L))
3g_l2_2sku	6914973601536	1	1	1536808166	0	1536808170	0	((4119, 24L), (4120, 24L), (4121, 25L))
3g_l2_2sku	6914973601536	1	2	1536808170	0	1536808173	0	((4119, 15L), (4120, 16L), (4121, 16L))
3g_l2_2sku	6914973601536	1	1	1536808176	0	1536808178	0	((4119, 8L), (4120, 8L), (4121, 8L))
3g_l2_2sku	6914973601536	1	2	1536808179	0	1536808181	0	((4119, 8L), (4120, 8L), (4121, 8L))
3g_l2_2sku	6914973601536	1	1	1536808183	0	1536808186	0	((4119, 16L), (4120, 17L), (4121, 16L))
3g_l2_2sku	6914973601536	1	2	1536808186	0	1536808188	0	((4119, 8L), (4120, 9L), (4121, 8L))
