3g_b4_1sku	6920202888883	1	1	1536823110	0	1536823113	0	((4119, 16L), (4120, 16L), (4121, 16L))
3g_b4_1sku	6920202888883	1	2	1536823113	0	1536823116	0	((4119, 17L), (4120, 16L), (4121, 16L))
3g_b4_1sku	6920202888883	1	1	1536823120	0	1536823124	0	((4119, 25L), (4120, 24L), (4121, 25L))
3g_b4_1sku	6920202888883	1	2	1536823125	0	1536823127	0	((4119, 8L), (4120, 8L), (4121, 8L))
3g_b4_1sku	6920202888883	1	1	1536823130	0	1536823132	0	((4119, 8L), (4120, 7L), (4121, 8L))
3g_b4_1sku	6920202888883	1	2	1536823133	0	1536823136	0	((4119, 16L), (4120, 16L), (4121, 16L))
3g_b4_1sku	6920202888883	1	1	1536823138	0	1536823141	0	((4119, 17L), (4120, 17L), (4121, 16L))
3g_b4_1sku	6920202888883	1	2	1536823141	0	1536823144	0	((4119, 16L), (4120, 16L), (4121, 16L))
3g_b4_1sku	6920202888883	1	1	1536823147	0	1536823150	0	((4119, 16L), (4120, 16L), (4121, 16L))
3g_b4_1sku	6920202888883	1	2	1536823150	0	1536823153	0	((4119, 16L), (4120, 17L), (4121, 16L))
3g_b4_1sku	6920202888883	1	1	1536823156	0	1536823159	0	((4119, 16L), (4120, 16L), (4121, 16L))
3g_b4_1sku	6920202888883	1	2	1536823160	0	1536823162	0	((4119, 8L), (4120, 8L), (4121, 8L))
3g_b4_1sku	6920202888883	1	1	1536823204	0	1536823207	0	((4119, 16L), (4120, 17L), (4121, 15L))
3g_b4_1sku	6920202888883	1	2	1536823208	0	1536823211	0	((4119, 16L), (4120, 16L), (4121, 16L))
3g_b4_1sku	6920202888883	1	1	1536823237	0	1536823239	0	((4119, 9L), (4120, 7L), (4121, 8L))
3g_b4_1sku	6920202888883	1	2	1536823239	0	1536823241	0	((4119, 8L), (4120, 8L), (4121, 8L))
3g_b4_1sku	6920202888883	1	1	1536823244	0	1536823247	0	((4119, 16L), (4120, 16L), (4121, 16L))
3g_b4_1sku	6920202888883	1	2	1536823247	0	1536823249	0	((4119, 7L), (4120, 8L), (4121, 8L))
3g_b4_1sku	6920202888883	1	1	1536823252	0	1536823254	0	((4119, 8L), (4120, 8L), (4121, 9L))
3g_b4_1sku	6920202888883	1	2	1536823255	0	1536823257	0	((4119, 8L), (4120, 8L), (4121, 8L))
3g_b4_1sku	6920202888883	1	1	1536823260	0	1536823262	0	((4119, 8L), (4120, 8L), (4121, 9L))
3g_b4_1sku	6920202888883	1	2	1536823263	0	1536823265	0	((4119, 8L), (4120, 8L), (4121, 8L))
3g_b4_1sku	6920202888883	1	1	1536823267	0	1536823270	0	((4119, 16L), (4120, 15L), (4121, 16L))
3g_b4_1sku	6920202888883	1	2	1536823270	0	1536823273	0	((4119, 16L), (4120, 16L), (4121, 16L))
3g_b4_1sku	6920202888883	1	1	1536823302	0	1536823305	0	((4119, 16L), (4120, 16L), (4121, 16L))
3g_b4_1sku	6920202888883	1	2	1536823306	0	1536823308	0	((4119, 9L), (4120, 9L), (4121, 8L))
3g_b4_1sku	6920202888883	1	1	1536823311	0	1536823314	0	((4119, 16L), (4120, 16L), (4121, 16L))
3g_b4_1sku	6920202888883	1	2	1536823314	0	1536823317	0	((4119, 16L), (4120, 16L), (4121, 16L))
3g_b4_1sku	6920202888883	1	1	1536823320	0	1536823322	0	((4119, 8L), (4120, 8L), (4121, 8L))
3g_b4_1sku	6920202888883	1	2	1536823323	0	1536823325	0	((4119, 8L), (4120, 9L), (4121, 8L))
3g_b4_1sku	6920202888883	1	1	1536823326	0	1536823330	0	((4119, 24L), (4120, 24L), (4121, 24L))
3g_b4_1sku	6920202888883	1	2	1536823330	0	1536823333	0	((4119, 16L), (4120, 17L), (4121, 17L))
3g_b4_1sku	6920202888883	1	1	1536823336	0	1536823339	0	((4119, 17L), (4120, 16L), (4121, 16L))
3g_b4_1sku	6920202888883	1	2	1536823340	0	1536823342	0	((4119, 8L), (4120, 8L), (4121, 8L))
3g_b4_1sku	6920202888883	1	1	1536823345	0	1536823348	0	((4119, 17L), (4120, 16L), (4121, 16L))
3g_b4_1sku	6920202888883	1	2	1536823348	0	1536823350	0	((4119, 8L), (4120, 8L), (4121, 8L))
