3g_c3_1sku	6956416205734	1	1	1536660167	0	1536660170	0	((4119, 16L), (4120, 16L), (4121, 16L))
3g_c3_1sku	6956416205734	1	2	1536660170	0	1536660173	0	((4119, 16L), (4120, 17L), (4121, 16L))
3g_c3_1sku	6956416205734	1	1	1536660176	0	1536660178	0	((4119, 8L), (4120, 8L), (4121, 7L))
3g_c3_1sku	6956416205734	1	2	1536660178	0	1536660180	0	((4119, 8L), (4120, 8L), (4121, 8L))
3g_c3_1sku	6956416205734	1	1	1536660183	0	1536660185	0	((4119, 8L), (4120, 8L), (4121, 8L))
3g_c3_1sku	6956416205734	1	2	1536660185	0	1536660187	0	((4119, 8L), (4120, 8L), (4121, 8L))
3g_c3_1sku	6956416205734	1	1	1536660190	0	1536660192	0	((4119, 8L), (4120, 8L), (4121, 8L))
3g_c3_1sku	6956416205734	1	2	1536660192	0	1536660194	0	((4119, 8L), (4120, 8L), (4121, 8L))
3g_c3_1sku	6956416205734	1	1	1536660197	0	1536660199	0	((4119, 8L), (4120, 9L), (4121, 8L))
3g_c3_1sku	6956416205734	1	2	1536660199	0	1536660201	0	((4119, 8L), (4120, 8L), (4121, 7L))
3g_c3_1sku	6956416205734	1	1	1536660203	0	1536660206	0	((4119, 16L), (4120, 17L), (4121, 16L))
3g_c3_1sku	6956416205734	1	2	1536660206	0	1536660208	0	((4119, 8L), (4120, 8L), (4121, 8L))
3g_c3_1sku	6956416205734	1	1	1536660242	0	1536660244	0	((4119, 8L), (4120, 8L), (4121, 8L))
3g_c3_1sku	6956416205734	1	2	1536660244	0	1536660246	0	((4119, 9L), (4120, 8L), (4121, 8L))
3g_c3_1sku	6956416205734	1	1	1536660249	0	1536660251	0	((4119, 8L), (4120, 9L), (4121, 8L))
3g_c3_1sku	6956416205734	1	2	1536660251	0	1536660253	0	((4119, 8L), (4120, 8L), (4121, 8L))
3g_c3_1sku	6956416205734	1	1	1536660256	0	1536660258	0	((4119, 8L), (4120, 9L), (4121, 9L))
3g_c3_1sku	6956416205734	1	2	1536660258	0	1536660261	0	((4119, 16L), (4120, 16L), (4121, 16L))
3g_c3_1sku	6956416205734	1	1	1536660263	0	1536660265	0	((4119, 8L), (4120, 9L), (4121, 8L))
3g_c3_1sku	6956416205734	1	2	1536660266	0	1536660268	0	((4119, 8L), (4120, 8L), (4121, 8L))
3g_c3_1sku	6956416205734	1	1	1536660271	0	1536660273	0	((4119, 8L), (4120, 8L), (4121, 8L))
3g_c3_1sku	6956416205734	1	2	1536660274	0	1536660276	0	((4119, 8L), (4120, 8L), (4121, 9L))
3g_c3_1sku	6956416205734	1	1	1536660279	0	1536660281	0	((4119, 8L), (4120, 9L), (4121, 8L))
3g_c3_1sku	6956416205734	1	2	1536660283	0	1536660285	0	((4119, 8L), (4120, 8L), (4121, 8L))
3g_c3_1sku	6956416205734	1	1	1536660317	0	1536660320	0	((4119, 16L), (4120, 17L), (4121, 16L))
3g_c3_1sku	6956416205734	1	2	1536660320	0	1536660323	0	((4119, 17L), (4120, 16L), (4121, 16L))
3g_c3_1sku	6956416205734	1	1	1536660327	0	1536660329	0	((4119, 8L), (4120, 8L), (4121, 9L))
3g_c3_1sku	6956416205734	1	2	1536660329	0	1536660332	0	((4119, 17L), (4120, 16L), (4121, 16L))
3g_c3_1sku	6956416205734	1	1	1536660334	0	1536660337	0	((4119, 16L), (4120, 17L), (4121, 16L))
3g_c3_1sku	6956416205734	1	2	1536660338	0	1536660340	0	((4119, 8L), (4120, 8L), (4121, 8L))
3g_c3_1sku	6956416205734	1	1	1536660343	0	1536660345	0	((4119, 8L), (4120, 8L), (4121, 8L))
3g_c3_1sku	6956416205734	1	2	1536660345	0	1536660347	0	((4119, 9L), (4120, 8L), (4121, 8L))
3g_c3_1sku	6956416205734	1	1	1536660350	0	1536660352	0	((4119, 8L), (4120, 8L), (4121, 9L))
3g_c3_1sku	6956416205734	1	2	1536660352	0	1536660355	0	((4119, 17L), (4120, 16L), (4121, 16L))
3g_c3_1sku	6956416205734	1	1	1536660358	0	1536660360	0	((4119, 8L), (4120, 8L), (4121, 8L))
3g_c3_1sku	6956416205734	1	2	1536660361	0	1536660363	0	((4119, 8L), (4120, 8L), (4121, 8L))
