3g_e3_1sku	6921168593613	1	1	1536827131	0	1536827133	0	((4119, 8L), (4120, 8L), (4121, 8L))
3g_e3_1sku	6921168593613	1	2	1536827134	0	1536827136	0	((4119, 8L), (4120, 9L), (4121, 8L))
3g_e3_1sku	6921168593613	1	1	1536827139	0	1536827142	0	((4119, 17L), (4120, 17L), (4121, 16L))
3g_e3_1sku	6921168593613	1	2	1536827142	0	1536827144	0	((4119, 8L), (4120, 8L), (4121, 9L))
3g_e3_1sku	6921168593613	1	1	1536827147	0	1536827149	0	((4119, 8L), (4120, 8L), (4121, 8L))
3g_e3_1sku	6921168593613	1	2	1536827150	0	1536827153	0	((4119, 16L), (4120, 17L), (4121, 16L))
3g_e3_1sku	6921168593613	1	1	1536827156	0	1536827158	0	((4119, 8L), (4120, 8L), (4121, 8L))
3g_e3_1sku	6921168593613	1	2	1536827159	0	1536827161	0	((4119, 8L), (4120, 8L), (4121, 8L))
3g_e3_1sku	6921168593613	1	1	1536827164	0	1536827166	0	((4119, 8L), (4120, 8L), (4121, 8L))
3g_e3_1sku	6921168593613	1	2	1536827167	0	1536827169	0	((4119, 8L), (4120, 8L), (4121, 8L))
3g_e3_1sku	6921168593613	1	1	1536827172	0	1536827174	0	((4119, 8L), (4120, 9L), (4121, 8L))
3g_e3_1sku	6921168593613	1	2	1536827175	0	1536827178	0	((4119, 16L), (4120, 16L), (4121, 16L))
3g_e3_1sku	6921168593613	1	1	1536827220	0	1536827223	0	((4119, 16L), (4120, 16L), (4121, 17L))
3g_e3_1sku	6921168593613	1	2	1536827224	0	1536827227	0	((4119, 15L), (4120, 16L), (4121, 17L))
3g_e3_1sku	6921168593613	1	1	1536827230	0	1536827233	0	((4119, 16L), (4120, 17L), (4121, 16L))
3g_e3_1sku	6921168593613	1	2	1536827234	0	1536827237	0	((4119, 16L), (4120, 16L), (4121, 16L))
3g_e3_1sku	6921168593613	1	1	1536827240	0	1536827242	0	((4119, 8L), (4120, 8L), (4121, 8L))
3g_e3_1sku	6921168593613	1	2	1536827243	0	1536827245	0	((4119, 8L), (4120, 8L), (4121, 8L))
3g_e3_1sku	6921168593613	1	1	1536827248	0	1536827251	0	((4119, 16L), (4120, 16L), (4121, 16L))
3g_e3_1sku	6921168593613	1	2	1536827251	0	1536827254	0	((4119, 17L), (4120, 16L), (4121, 16L))
3g_e3_1sku	6921168593613	1	1	1536827257	0	1536827259	0	((4119, 8L), (4120, 9L), (4121, 8L))
3g_e3_1sku	6921168593613	1	2	1536827260	0	1536827262	0	((4119, 8L), (4120, 8L), (4121, 8L))
3g_e3_1sku	6921168593613	1	1	1536827266	0	1536827268	0	((4119, 8L), (4120, 8L), (4121, 8L))
3g_e3_1sku	6921168593613	1	2	1536827268	0	1536827271	0	((4119, 16L), (4120, 16L), (4121, 16L))
3g_e3_1sku	6921168593613	1	1	1536827291	0	1536827294	0	((4119, 17L), (4120, 17L), (4121, 16L))
3g_e3_1sku	6921168593613	1	2	1536827294	0	1536827296	0	((4119, 8L), (4120, 8L), (4121, 9L))
3g_e3_1sku	6921168593613	1	1	1536827299	0	1536827301	0	((4119, 9L), (4120, 8L), (4121, 8L))
3g_e3_1sku	6921168593613	1	2	1536827302	0	1536827304	0	((4119, 9L), (4120, 9L), (4121, 8L))
3g_e3_1sku	6921168593613	1	1	1536827307	0	1536827309	0	((4119, 8L), (4120, 8L), (4121, 8L))
3g_e3_1sku	6921168593613	1	2	1536827310	0	1536827312	0	((4119, 8L), (4120, 8L), (4121, 8L))
3g_e3_1sku	6921168593613	1	1	1536827315	0	1536827317	0	((4119, 8L), (4120, 8L), (4121, 9L))
3g_e3_1sku	6921168593613	1	2	1536827318	0	1536827320	0	((4119, 8L), (4120, 8L), (4121, 8L))
3g_e3_1sku	6921168593613	1	1	1536827324	0	1536827326	0	((4119, 8L), (4120, 9L), (4121, 8L))
3g_e3_1sku	6921168593613	1	2	1536827327	0	1536827330	0	((4119, 16L), (4120, 16L), (4121, 16L))
3g_e3_1sku	6921168593613	1	1	1536827333	0	1536827336	0	((4119, 17L), (4120, 16L), (4121, 16L))
3g_e3_1sku	6921168593613	1	2	1536827336	0	1536827339	0	((4119, 16L), (4120, 17L), (4121, 16L))
