3g_a2_2sku	6954767434674	1	1	1536721232	0	1536721237	0	((4119, 33L), (4120, 32L), (4121, 32L))
3g_a2_2sku	6954767434674	1	2	1536721237	0	1536721240	0	((4119, 16L), (4120, 17L), (4121, 16L))
3g_a2_2sku	6954767434674	1	1	1536721244	0	1536721247	0	((4119, 16L), (4120, 16L), (4121, 16L))
3g_a2_2sku	6954767434674	1	2	1536721248	0	1536721253	0	((4119, 32L), (4120, 32L), (4121, 32L))
3g_a2_2sku	6954767434674	1	1	1536721257	0	1536721261	0	((4119, 24L), (4120, 25L), (4121, 24L))
3g_a2_2sku	6954767434674	1	2	1536721262	0	1536721267	0	((4119, 33L), (4120, 32L), (4121, 32L))
3g_a2_2sku	6954767434674	1	1	1536721307	0	1536721311	0	((4119, 24L), (4120, 24L), (4121, 24L))
3g_a2_2sku	6954767434674	1	2	1536721311	0	1536721317	0	((4119, 40L), (4120, 41L), (4121, 40L))
3g_a2_2sku	6954767434674	1	1	1536721319	0	1536721323	0	((4119, 25L), (4120, 24L), (4121, 23L))
3g_a2_2sku	6954767434674	1	2	1536721323	0	1536721329	0	((4119, 41L), (4120, 39L), (4121, 40L))
3g_a2_2sku	6954767434674	1	1	1536721332	0	1536721337	0	((4119, 32L), (4120, 33L), (4121, 32L))
3g_a2_2sku	6954767434674	1	2	1536721343	0	1536721347	0	((4119, 25L), (4120, 24L), (4121, 24L))
3g_a2_2sku	6954767434674	1	1	1536721384	0	1536721388	0	((4119, 24L), (4120, 24L), (4121, 24L))
3g_a2_2sku	6954767434674	1	2	1536721388	0	1536721393	0	((4119, 32L), (4120, 32L), (4121, 32L))
3g_a2_2sku	6954767434674	1	1	1536721395	0	1536721398	0	((4119, 17L), (4120, 16L), (4121, 16L))
3g_a2_2sku	6954767434674	1	2	1536721399	0	1536721403	0	((4119, 25L), (4120, 25L), (4121, 24L))
3g_a2_2sku	6954767434674	1	1	1536721405	0	1536721409	0	((4119, 24L), (4120, 24L), (4121, 24L))
3g_a2_2sku	6954767434674	1	2	1536721409	0	1536721414	0	((4119, 32L), (4120, 32L), (4121, 32L))
