3g_b3_1sku	6938309700533	1	1	1536657280	0	1536657282	0	((4119, 8L), (4120, 8L), (4121, 7L))
3g_b3_1sku	6938309700533	1	2	1536657283	0	1536657285	0	((4119, 8L), (4120, 8L), (4121, 8L))
3g_b3_1sku	6938309700533	1	1	1536657288	0	1536657290	0	((4119, 8L), (4120, 8L), (4121, 8L))
3g_b3_1sku	6938309700533	1	2	1536657291	0	1536657293	0	((4119, 8L), (4120, 8L), (4121, 8L))
3g_b3_1sku	6938309700533	1	1	1536657297	0	1536657299	0	((4119, 8L), (4120, 8L), (4121, 8L))
3g_b3_1sku	6938309700533	1	2	1536657300	0	1536657302	0	((4119, 8L), (4120, 8L), (4121, 8L))
3g_b3_1sku	6938309700533	1	1	1536657310	0	1536657314	0	((4119, 25L), (4120, 25L), (4121, 24L))
3g_b3_1sku	6938309700533	1	2	1536657314	0	1536657317	0	((4119, 16L), (4120, 16L), (4121, 16L))
3g_b3_1sku	6938309700533	1	1	1536657320	0	1536657322	0	((4119, 8L), (4120, 8L), (4121, 8L))
3g_b3_1sku	6938309700533	1	2	1536657323	0	1536657325	0	((4119, 8L), (4120, 8L), (4121, 8L))
3g_b3_1sku	6938309700533	1	1	1536657330	0	1536657334	0	((4119, 25L), (4120, 25L), (4121, 25L))
3g_b3_1sku	6938309700533	1	2	1536657335	0	1536657337	0	((4119, 8L), (4120, 8L), (4121, 8L))
3g_b3_1sku	6938309700533	1	1	1536657418	0	1536657419	0	()
3g_b3_1sku	6938309700533	1	2	1536657420	0	1536657424	0	((4119, 24L), (4120, 24L), (4121, 24L))
3g_b3_1sku	6938309700533	1	1	1536657431	0	1536657433	0	((4119, 8L), (4120, 9L), (4121, 8L))
3g_b3_1sku	6938309700533	1	2	1536657433	0	1536657436	0	((4119, 16L), (4120, 16L), (4121, 17L))
3g_b3_1sku	6938309700533	1	1	1536657440	0	1536657442	0	((4119, 8L), (4120, 8L), (4121, 8L))
3g_b3_1sku	6938309700533	1	2	1536657442	0	1536657445	0	((4119, 16L), (4120, 16L), (4121, 16L))
3g_b3_1sku	6938309700533	1	1	1536657449	0	1536657451	0	((4119, 8L), (4120, 8L), (4121, 8L))
3g_b3_1sku	6938309700533	1	2	1536657451	0	1536657453	0	((4119, 8L), (4120, 8L), (4121, 8L))
3g_b3_1sku	6938309700533	1	1	1536657457	0	1536657458	0	()
3g_b3_1sku	6938309700533	1	2	1536657459	0	1536657460	0	()
3g_b3_1sku	6938309700533	1	1	1536657468	0	1536657470	0	((4119, 8L), (4120, 8L), (4121, 9L))
3g_b3_1sku	6938309700533	1	2	1536657470	0	1536657472	0	((4119, 8L), (4120, 8L), (4121, 7L))
3g_b3_1sku	6938309700533	1	1	1536657538	0	1536657541	0	((4119, 16L), (4120, 16L), (4121, 16L))
3g_b3_1sku	6938309700533	1	2	1536657541	0	1536657544	0	((4119, 16L), (4120, 17L), (4121, 16L))
3g_b3_1sku	6938309700533	1	1	1536657547	0	1536657549	0	((4119, 9L), (4120, 8L), (4121, 8L))
3g_b3_1sku	6938309700533	1	2	1536657550	0	1536657552	0	((4119, 8L), (4120, 8L), (4121, 8L))
3g_b3_1sku	6938309700533	1	1	1536657555	0	1536657557	0	((4119, 8L), (4120, 8L), (4121, 8L))
3g_b3_1sku	6938309700533	1	2	1536657557	0	1536657559	0	((4119, 8L), (4120, 8L), (4121, 9L))
3g_b3_1sku	6938309700533	1	1	1536657562	0	1536657564	0	((4119, 7L), (4120, 8L), (4121, 8L))
3g_b3_1sku	6938309700533	1	2	1536657564	0	1536657566	0	((4119, 8L), (4120, 8L), (4121, 8L))
3g_b3_1sku	6938309700533	1	1	1536657569	0	1536657571	0	((4119, 7L), (4120, 8L), (4121, 8L))
3g_b3_1sku	6938309700533	1	2	1536657571	0	1536657573	0	((4119, 8L), (4120, 9L), (4121, 8L))
3g_b3_1sku	6938309700533	1	1	1536657576	0	1536657578	0	((4119, 9L), (4120, 8L), (4121, 8L))
3g_b3_1sku	6938309700533	1	2	1536657578	0	1536657580	0	((4119, 8L), (4120, 8L), (4121, 8L))
