3g_a2_1sku	6954767434674	1	1	1536655011	0	1536655013	0	((4119, 8L), (4120, 8L), (4121, 9L))
3g_a2_1sku	6954767434674	1	2	1536655013	0	1536655016	0	((4119, 16L), (4120, 16L), (4121, 16L))
3g_a2_1sku	6954767434674	1	1	1536655019	0	1536655021	0	((4119, 8L), (4120, 8L), (4121, 9L))
3g_a2_1sku	6954767434674	1	2	1536655021	0	1536655023	0	((4119, 8L), (4120, 8L), (4121, 8L))
3g_a2_1sku	6954767434674	1	1	1536655025	0	1536655028	0	((4119, 16L), (4120, 17L), (4121, 16L))
3g_a2_1sku	6954767434674	1	2	1536655028	0	1536655030	0	((4119, 8L), (4120, 8L), (4121, 8L))
3g_a2_1sku	6954767434674	1	1	1536655033	0	1536655034	0	()
3g_a2_1sku	6954767434674	1	2	1536655035	0	1536655037	0	((4119, 8L), (4120, 8L), (4121, 8L))
3g_a2_1sku	6954767434674	1	1	1536655041	0	1536655043	0	((4119, 9L), (4120, 9L), (4121, 7L))
3g_a2_1sku	6954767434674	1	2	1536655044	0	1536655046	0	((4119, 8L), (4120, 9L), (4121, 8L))
3g_a2_1sku	6954767434674	1	1	1536655048	0	1536655051	0	((4119, 16L), (4120, 16L), (4121, 16L))
3g_a2_1sku	6954767434674	1	2	1536655052	0	1536655054	0	((4119, 9L), (4120, 8L), (4121, 8L))
3g_a2_1sku	6954767434674	1	1	1536655094	0	1536655097	0	((4119, 16L), (4120, 16L), (4121, 16L))
3g_a2_1sku	6954767434674	1	2	1536655097	0	1536655099	0	((4119, 7L), (4120, 8L), (4121, 8L))
3g_a2_1sku	6954767434674	1	1	1536655108	0	1536655111	0	((4119, 17L), (4120, 16L), (4121, 16L))
3g_a2_1sku	6954767434674	1	2	1536655112	0	1536655114	0	((4119, 8L), (4120, 8L), (4121, 8L))
3g_a2_1sku	6954767434674	1	1	1536655117	0	1536655120	0	((4119, 17L), (4120, 16L), (4121, 16L))
3g_a2_1sku	6954767434674	1	2	1536655121	0	1536655124	0	((4119, 16L), (4120, 15L), (4121, 16L))
3g_a2_1sku	6954767434674	1	1	1536655126	0	1536655129	0	((4119, 15L), (4120, 16L), (4121, 16L))
3g_a2_1sku	6954767434674	1	2	1536655129	0	1536655132	0	((4119, 17L), (4120, 16L), (4121, 16L))
3g_a2_1sku	6954767434674	1	1	1536655134	0	1536655137	0	((4119, 16L), (4120, 16L), (4121, 16L))
3g_a2_1sku	6954767434674	1	2	1536655137	0	1536655140	0	((4119, 16L), (4120, 16L), (4121, 15L))
3g_a2_1sku	6954767434674	1	1	1536655143	0	1536655145	0	((4119, 8L), (4120, 8L), (4121, 9L))
3g_a2_1sku	6954767434674	1	2	1536655146	0	1536655148	0	((4119, 8L), (4120, 8L), (4121, 8L))
3g_a2_1sku	6954767434674	1	1	1536655226	0	1536655228	0	((4119, 8L), (4120, 8L), (4121, 8L))
3g_a2_1sku	6954767434674	1	2	1536655228	0	1536655232	0	((4119, 25L), (4120, 24L), (4121, 24L))
3g_a2_1sku	6954767434674	1	1	1536655235	0	1536655237	0	((4119, 8L), (4120, 8L), (4121, 8L))
3g_a2_1sku	6954767434674	1	2	1536655237	0	1536655240	0	((4119, 16L), (4120, 16L), (4121, 16L))
3g_a2_1sku	6954767434674	1	1	1536655242	0	1536655244	0	((4119, 9L), (4120, 9L), (4121, 8L))
3g_a2_1sku	6954767434674	1	2	1536655244	0	1536655247	0	((4119, 16L), (4120, 16L), (4121, 16L))
3g_a2_1sku	6954767434674	1	1	1536655249	0	1536655251	0	((4119, 8L), (4120, 8L), (4121, 8L))
3g_a2_1sku	6954767434674	1	2	1536655251	0	1536655254	0	((4119, 17L), (4120, 17L), (4121, 16L))
3g_a2_1sku	6954767434674	1	1	1536655257	0	1536655259	0	((4119, 8L), (4120, 8L), (4121, 7L))
3g_a2_1sku	6954767434674	1	2	1536655259	0	1536655262	0	((4119, 16L), (4120, 17L), (4121, 16L))
3g_a2_1sku	6954767434674	1	1	1536655264	0	1536655266	0	((4119, 8L), (4120, 8L), (4121, 8L))
3g_a2_1sku	6954767434674	1	2	1536655267	0	1536655269	0	((4119, 8L), (4120, 9L), (4121, 8L))
