3g_l3_2sku	8996001303702	1	1	1536807756	0	1536807759	0	((4119, 16L), (4120, 17L), (4121, 16L))
3g_l3_2sku	8996001303702	1	2	1536807760	0	1536807763	0	((4119, 17L), (4120, 17L), (4121, 16L))
3g_l3_2sku	8996001303702	1	1	1536807766	0	1536807769	0	((4119, 16L), (4120, 16L), (4121, 16L))
3g_l3_2sku	8996001303702	1	2	1536807770	0	1536807773	0	((4119, 16L), (4120, 16L), (4121, 16L))
3g_l3_2sku	8996001303702	1	1	1536807776	0	1536807779	0	((4119, 16L), (4120, 16L), (4121, 16L))
3g_l3_2sku	8996001303702	1	2	1536807779	0	1536807782	0	((4119, 16L), (4120, 16L), (4121, 17L))
3g_l3_2sku	8996001303702	1	1	1536807858	0	1536807861	0	((4119, 16L), (4120, 16L), (4121, 16L))
3g_l3_2sku	8996001303702	1	2	1536807862	0	1536807865	0	((4119, 16L), (4120, 16L), (4121, 16L))
3g_l3_2sku	8996001303702	1	1	1536807870	0	1536807872	0	((4119, 8L), (4120, 9L), (4121, 8L))
3g_l3_2sku	8996001303702	1	2	1536807873	0	1536807876	0	((4119, 17L), (4120, 17L), (4121, 15L))
3g_l3_2sku	8996001303702	1	1	1536807879	0	1536807882	0	((4119, 16L), (4120, 16L), (4121, 16L))
3g_l3_2sku	8996001303702	1	2	1536807882	0	1536807885	0	((4119, 16L), (4120, 17L), (4121, 16L))
3g_l3_2sku	8996001303702	1	1	1536807908	0	1536807911	0	((4119, 16L), (4120, 16L), (4121, 16L))
3g_l3_2sku	8996001303702	1	2	1536807911	0	1536807914	0	((4119, 16L), (4120, 16L), (4121, 16L))
3g_l3_2sku	8996001303702	1	1	1536807918	0	1536807920	0	((4119, 8L), (4120, 8L), (4121, 8L))
3g_l3_2sku	8996001303702	1	2	1536807921	0	1536807923	0	((4119, 8L), (4120, 8L), (4121, 8L))
3g_l3_2sku	8996001303702	1	1	1536807926	0	1536807929	0	((4119, 16L), (4120, 16L), (4121, 16L))
3g_l3_2sku	8996001303702	1	2	1536807930	0	1536807933	0	((4119, 17L), (4120, 17L), (4121, 15L))
