3g_c3_1sku	6956416205734	1	1	1536825398	0	1536825400	0	((4119, 8L), (4120, 9L), (4121, 8L))
3g_c3_1sku	6956416205734	1	2	1536825401	0	1536825404	0	((4119, 16L), (4120, 16L), (4121, 15L))
3g_c3_1sku	6956416205734	1	1	1536825407	0	1536825409	0	((4119, 8L), (4120, 8L), (4121, 8L))
3g_c3_1sku	6956416205734	1	2	1536825410	0	1536825414	0	((4119, 25L), (4120, 25L), (4121, 24L))
3g_c3_1sku	6956416205734	1	1	1536825417	0	1536825420	0	((4119, 16L), (4120, 16L), (4121, 16L))
3g_c3_1sku	6956416205734	1	2	1536825421	0	1536825424	0	((4119, 16L), (4120, 16L), (4121, 16L))
3g_c3_1sku	6956416205734	1	1	1536825427	0	1536825429	0	((4119, 8L), (4120, 8L), (4121, 8L))
3g_c3_1sku	6956416205734	1	2	1536825430	0	1536825432	0	((4119, 8L), (4120, 8L), (4121, 7L))
3g_c3_1sku	6956416205734	1	1	1536825435	0	1536825438	0	((4119, 16L), (4120, 16L), (4121, 16L))
3g_c3_1sku	6956416205734	1	2	1536825438	0	1536825442	0	((4119, 24L), (4120, 24L), (4121, 24L))
3g_c3_1sku	6956416205734	1	1	1536825447	0	1536825449	0	((4119, 8L), (4120, 8L), (4121, 9L))
3g_c3_1sku	6956416205734	1	2	1536825450	0	1536825453	0	((4119, 16L), (4120, 16L), (4121, 16L))
3g_c3_1sku	6956416205734	1	1	1536825487	0	1536825490	0	((4119, 16L), (4120, 16L), (4121, 16L))
3g_c3_1sku	6956416205734	1	2	1536825491	0	1536825494	0	((4119, 16L), (4120, 16L), (4121, 16L))
3g_c3_1sku	6956416205734	1	1	1536825497	0	1536825499	0	((4119, 8L), (4120, 8L), (4121, 8L))
3g_c3_1sku	6956416205734	1	2	1536825500	0	1536825502	0	((4119, 7L), (4120, 8L), (4121, 9L))
3g_c3_1sku	6956416205734	1	1	1536825506	0	1536825508	0	((4119, 8L), (4120, 8L), (4121, 8L))
3g_c3_1sku	6956416205734	1	2	1536825509	0	1536825511	0	((4119, 8L), (4120, 8L), (4121, 8L))
3g_c3_1sku	6956416205734	1	1	1536825515	0	1536825517	0	((4119, 8L), (4120, 9L), (4121, 8L))
3g_c3_1sku	6956416205734	1	2	1536825518	0	1536825520	0	((4119, 8L), (4120, 8L), (4121, 8L))
3g_c3_1sku	6956416205734	1	1	1536825524	0	1536825526	0	((4119, 8L), (4120, 8L), (4121, 9L))
3g_c3_1sku	6956416205734	1	2	1536825527	0	1536825530	0	((4119, 16L), (4120, 16L), (4121, 16L))
3g_c3_1sku	6956416205734	1	1	1536825532	0	1536825535	0	((4119, 16L), (4120, 17L), (4121, 16L))
3g_c3_1sku	6956416205734	1	2	1536825536	0	1536825539	0	((4119, 16L), (4120, 16L), (4121, 16L))
3g_c3_1sku	6956416205734	1	1	1536825568	0	1536825571	0	((4119, 16L), (4120, 16L), (4121, 16L))
3g_c3_1sku	6956416205734	1	2	1536825571	0	1536825574	0	((4119, 16L), (4120, 16L), (4121, 16L))
3g_c3_1sku	6956416205734	1	1	1536825577	0	1536825579	0	((4119, 8L), (4120, 8L), (4121, 9L))
3g_c3_1sku	6956416205734	1	2	1536825580	0	1536825582	0	((4119, 9L), (4120, 7L), (4121, 9L))
3g_c3_1sku	6956416205734	1	1	1536825585	0	1536825587	0	((4119, 8L), (4120, 8L), (4121, 8L))
3g_c3_1sku	6956416205734	1	2	1536825587	0	1536825590	0	((4119, 17L), (4120, 17L), (4121, 16L))
3g_c3_1sku	6956416205734	1	1	1536825593	0	1536825595	0	((4119, 8L), (4120, 8L), (4121, 8L))
3g_c3_1sku	6956416205734	1	2	1536825596	0	1536825598	0	((4119, 8L), (4120, 8L), (4121, 8L))
3g_c3_1sku	6956416205734	1	1	1536825601	0	1536825603	0	((4119, 8L), (4120, 8L), (4121, 8L))
3g_c3_1sku	6956416205734	1	2	1536825604	0	1536825607	0	((4119, 17L), (4120, 17L), (4121, 15L))
3g_c3_1sku	6956416205734	1	1	1536825610	0	1536825612	0	((4119, 8L), (4120, 8L), (4121, 8L))
3g_c3_1sku	6956416205734	1	2	1536825613	0	1536825616	0	((4119, 17L), (4120, 16L), (4121, 16L))
