3g_f2_2sku	6925303754952	1	1	1536744584	0	1536744589	0	((4119, 33L), (4120, 33L), (4121, 18L))
3g_f2_2sku	6925303754952	1	2	1536744590	0	1536744594	0	((4119, 25L), (4120, 25L), (4121, 6L))
3g_f2_2sku	6925303754952	1	1	1536744596	0	1536744600	0	((4119, 24L), (4120, 24L), (4121, 24L))
3g_f2_2sku	6925303754952	1	2	1536744600	0	1536744603	0	((4119, 17L), (4120, 17L), (4121, 7L))
3g_f2_2sku	6925303754952	1	1	1536744606	0	1536744606	0	()
3g_f2_2sku	6925303754952	1	2	1536744615	0	1536744619	0	((4119, 24L), (4120, 24L), (4121, 13L))
3g_f2_2sku	6925303754952	1	1	1536744643	0	1536744646	0	((4119, 16L), (4120, 17L), (4121, 8L))
3g_f2_2sku	6925303754952	1	2	1536744647	0	1536744649	0	((4119, 8L), (4120, 8L), (4121, 5L))
3g_f2_2sku	6925303754952	1	1	1536744653	0	1536744657	0	((4119, 24L), (4120, 25L), (4121, 10L))
3g_f2_2sku	6925303754952	1	2	1536744658	0	1536744661	0	((4119, 16L), (4120, 17L), (4121, 7L))
3g_f2_2sku	6925303754952	1	1	1536744665	0	1536744668	0	((4119, 16L), (4120, 16L), (4121, 15L))
3g_f2_2sku	6925303754952	1	2	1536744668	0	1536744671	0	((4119, 16L), (4120, 16L), (4121, 9L))
3g_f2_2sku	6925303754952	1	1	1536744694	0	1536744698	0	((4119, 25L), (4120, 25L), (4121, 22L))
3g_f2_2sku	6925303754952	1	2	1536744699	0	1536744704	0	((4119, 33L), (4120, 33L), (4121, 7L))
3g_f2_2sku	6925303754952	1	1	1536744710	0	1536744714	0	((4119, 25L), (4120, 24L), (4121, 10L))
3g_f2_2sku	6925303754952	1	2	1536744715	0	1536744719	0	((4119, 25L), (4120, 25L), (4121, 9L))
3g_f2_2sku	6925303754952	1	1	1536744722	0	1536744726	0	((4119, 25L), (4120, 24L), (4121, 10L))
3g_f2_2sku	6925303754952	1	2	1536744727	0	1536744732	0	((4119, 33L), (4120, 33L), (4121, 15L))
