3g_k3_2sku	6901721496698	1	1	1536807114	0	1536807117	0	((4119, 16L), (4120, 17L), (4121, 16L))
3g_k3_2sku	6901721496698	1	2	1536807117	0	1536807120	0	((4119, 16L), (4120, 17L), (4121, 17L))
3g_k3_2sku	6901721496698	1	1	1536807123	0	1536807126	0	((4119, 17L), (4120, 16L), (4121, 16L))
3g_k3_2sku	6901721496698	1	2	1536807126	0	1536807129	0	((4119, 17L), (4120, 17L), (4121, 16L))
3g_k3_2sku	6901721496698	1	1	1536807133	0	1536807135	0	((4119, 7L), (4120, 8L), (4121, 9L))
3g_k3_2sku	6901721496698	1	2	1536807136	0	1536807138	0	((4119, 8L), (4120, 8L), (4121, 8L))
3g_k3_2sku	6901721496698	1	1	1536807191	0	1536807194	0	((4119, 16L), (4120, 16L), (4121, 16L))
3g_k3_2sku	6901721496698	1	2	1536807194	0	1536807197	0	((4119, 16L), (4120, 16L), (4121, 16L))
3g_k3_2sku	6901721496698	1	1	1536807199	0	1536807202	0	((4119, 16L), (4120, 16L), (4121, 16L))
3g_k3_2sku	6901721496698	1	2	1536807202	0	1536807204	0	((4119, 8L), (4120, 8L), (4121, 8L))
3g_k3_2sku	6901721496698	1	1	1536807207	0	1536807209	0	((4119, 8L), (4120, 8L), (4121, 8L))
3g_k3_2sku	6901721496698	1	2	1536807209	0	1536807212	0	((4119, 17L), (4120, 16L), (4121, 16L))
3g_k3_2sku	6901721496698	1	1	1536807290	0	1536807293	0	((4119, 16L), (4120, 16L), (4121, 16L))
3g_k3_2sku	6901721496698	1	2	1536807293	0	1536807295	0	((4119, 8L), (4120, 8L), (4121, 8L))
3g_k3_2sku	6901721496698	1	1	1536807298	0	1536807301	0	((4119, 16L), (4120, 16L), (4121, 16L))
3g_k3_2sku	6901721496698	1	2	1536807301	0	1536807303	0	((4119, 7L), (4120, 7L), (4121, 8L))
3g_k3_2sku	6901721496698	1	1	1536807306	0	1536807308	0	((4119, 8L), (4120, 8L), (4121, 8L))
3g_k3_2sku	6901721496698	1	2	1536807309	0	1536807312	0	((4119, 17L), (4120, 17L), (4121, 16L))
