3g_a3_2sku	6959764600510	1	1	1536721483	0	1536721487	0	((4119, 25L), (4120, 25L), (4121, 24L))
3g_a3_2sku	6959764600510	1	2	1536721487	0	1536721492	0	((4119, 32L), (4120, 32L), (4121, 32L))
3g_a3_2sku	6959764600510	1	1	1536721494	0	1536721497	0	((4119, 16L), (4120, 17L), (4121, 16L))
3g_a3_2sku	6959764600510	1	2	1536721497	0	1536721500	0	((4119, 16L), (4120, 16L), (4121, 16L))
3g_a3_2sku	6959764600510	1	1	1536721503	0	1536721508	0	((4119, 32L), (4120, 33L), (4121, 32L))
3g_a3_2sku	6959764600510	1	2	1536721508	0	1536721511	0	((4119, 16L), (4120, 16L), (4121, 16L))
3g_a3_2sku	6959764600510	1	1	1536721547	0	1536721550	0	((4119, 16L), (4120, 15L), (4121, 16L))
3g_a3_2sku	6959764600510	1	2	1536721550	0	1536721554	0	((4119, 24L), (4120, 23L), (4121, 24L))
3g_a3_2sku	6959764600510	1	1	1536721557	0	1536721559	0	((4119, 8L), (4120, 8L), (4121, 8L))
3g_a3_2sku	6959764600510	1	2	1536721560	0	1536721562	0	((4119, 9L), (4120, 9L), (4121, 8L))
3g_a3_2sku	6959764600510	1	1	1536721565	0	1536721567	0	((4119, 8L), (4120, 8L), (4121, 8L))
3g_a3_2sku	6959764600510	1	2	1536721568	0	1536721570	0	((4119, 9L), (4120, 9L), (4121, 8L))
3g_a3_2sku	6959764600510	1	1	1536721598	0	1536721601	0	((4119, 15L), (4120, 16L), (4121, 16L))
3g_a3_2sku	6959764600510	1	2	1536721601	0	1536721605	0	((4119, 24L), (4120, 24L), (4121, 24L))
3g_a3_2sku	6959764600510	1	1	1536721608	0	1536721610	0	((4119, 8L), (4120, 8L), (4121, 8L))
3g_a3_2sku	6959764600510	1	2	1536721611	0	1536721613	0	((4119, 8L), (4120, 7L), (4121, 7L))
3g_a3_2sku	6959764600510	1	1	1536721616	0	1536721618	0	((4119, 7L), (4120, 8L), (4121, 9L))
3g_a3_2sku	6959764600510	1	2	1536721619	0	1536721622	0	((4119, 16L), (4120, 17L), (4121, 16L))
