3g_b3_2sku	6938309700533	1	1	1536722387	0	1536722390	0	((4119, 16L), (4120, 17L), (4121, 16L))
3g_b3_2sku	6938309700533	1	2	1536722391	0	1536722394	0	((4119, 16L), (4120, 17L), (4121, 16L))
3g_b3_2sku	6938309700533	1	1	1536722397	0	1536722399	0	((4119, 8L), (4120, 8L), (4121, 9L))
3g_b3_2sku	6938309700533	1	2	1536722400	0	1536722402	0	((4119, 9L), (4120, 7L), (4121, 8L))
3g_b3_2sku	6938309700533	1	1	1536722405	0	1536722408	0	((4119, 16L), (4120, 16L), (4121, 16L))
3g_b3_2sku	6938309700533	1	2	1536722408	0	1536722411	0	((4119, 16L), (4120, 16L), (4121, 17L))
3g_b3_2sku	6938309700533	1	1	1536722451	0	1536722454	0	((4119, 16L), (4120, 16L), (4121, 16L))
3g_b3_2sku	6938309700533	1	2	1536722454	0	1536722458	0	((4119, 25L), (4120, 25L), (4121, 24L))
3g_b3_2sku	6938309700533	1	1	1536722461	0	1536722464	0	((4119, 16L), (4120, 16L), (4121, 16L))
3g_b3_2sku	6938309700533	1	2	1536722464	0	1536722467	0	((4119, 17L), (4120, 17L), (4121, 16L))
3g_b3_2sku	6938309700533	1	1	1536722470	0	1536722474	0	((4119, 25L), (4120, 24L), (4121, 24L))
3g_b3_2sku	6938309700533	1	2	1536722475	0	1536722477	0	((4119, 9L), (4120, 8L), (4121, 8L))
3g_b3_2sku	6938309700533	1	1	1536722506	0	1536722509	0	((4119, 16L), (4120, 16L), (4121, 16L))
3g_b3_2sku	6938309700533	1	2	1536722510	0	1536722513	0	((4119, 16L), (4120, 16L), (4121, 17L))
3g_b3_2sku	6938309700533	1	1	1536722517	0	1536722519	0	((4119, 8L), (4120, 8L), (4121, 8L))
3g_b3_2sku	6938309700533	1	2	1536722520	0	1536722522	0	((4119, 8L), (4120, 9L), (4121, 8L))
3g_b3_2sku	6938309700533	1	1	1536722526	0	1536722528	0	((4119, 8L), (4120, 8L), (4121, 7L))
3g_b3_2sku	6938309700533	1	2	1536722529	0	1536722532	0	((4119, 16L), (4120, 16L), (4121, 16L))
