3g_l1_1sku	6940517512235	1	1	1536649488	0	1536649495	0	((4119, 49L), (4120, 49L), (4121, 49L))
3g_l1_1sku	6940517512235	1	2	1536649502	0	1536649504	0	((4119, 8L), (4120, 8L), (4121, 7L))
3g_l1_1sku	6940517512235	1	1	1536649507	0	1536649508	0	()
3g_l1_1sku	6940517512235	1	2	1536649509	0	1536649511	0	((4119, 8L), (4120, 9L), (4121, 8L))
3g_l1_1sku	6940517512235	1	1	1536649513	0	1536649516	0	((4119, 16L), (4120, 17L), (4121, 16L))
3g_l1_1sku	6940517512235	1	2	1536649516	0	1536649518	0	((4119, 8L), (4120, 8L), (4121, 9L))
3g_l1_1sku	6940517512235	1	1	1536649520	0	1536649523	0	((4119, 16L), (4120, 17L), (4121, 16L))
3g_l1_1sku	6940517512235	1	2	1536649523	0	1536649525	0	((4119, 8L), (4120, 8L), (4121, 8L))
3g_l1_1sku	6940517512235	1	1	1536649528	0	1536649530	0	((4119, 9L), (4120, 8L), (4121, 8L))
3g_l1_1sku	6940517512235	1	2	1536649531	0	1536649533	0	((4119, 8L), (4120, 8L), (4121, 8L))
3g_l1_1sku	6940517512235	1	1	1536649537	0	1536649539	0	((4119, 8L), (4120, 8L), (4121, 8L))
3g_l1_1sku	6940517512235	1	2	1536649539	0	1536649542	0	((4119, 16L), (4120, 17L), (4121, 17L))
3g_l1_1sku	6940517512235	1	1	1536649589	0	1536649592	0	((4119, 17L), (4120, 16L), (4121, 17L))
3g_l1_1sku	6940517512235	1	2	1536649592	0	1536649595	0	((4119, 16L), (4120, 16L), (4121, 16L))
3g_l1_1sku	6940517512235	1	1	1536649596	0	1536649599	0	((4119, 15L), (4120, 16L), (4121, 16L))
3g_l1_1sku	6940517512235	1	2	1536649599	0	1536649602	0	((4119, 16L), (4120, 17L), (4121, 16L))
3g_l1_1sku	6940517512235	1	1	1536649604	0	1536649606	0	((4119, 8L), (4120, 8L), (4121, 8L))
3g_l1_1sku	6940517512235	1	2	1536649606	0	1536649608	0	((4119, 8L), (4120, 8L), (4121, 8L))
3g_l1_1sku	6940517512235	1	1	1536649612	0	1536649614	0	((4119, 8L), (4120, 9L), (4121, 8L))
3g_l1_1sku	6940517512235	1	2	1536649614	0	1536649616	0	((4119, 8L), (4120, 8L), (4121, 9L))
3g_l1_1sku	6940517512235	1	1	1536649619	0	1536649621	0	((4119, 8L), (4120, 8L), (4121, 8L))
3g_l1_1sku	6940517512235	1	2	1536649621	0	1536649623	0	((4119, 9L), (4120, 9L), (4121, 9L))
3g_l1_1sku	6940517512235	1	1	1536649625	0	1536649627	0	((4119, 8L), (4120, 8L), (4121, 8L))
3g_l1_1sku	6940517512235	1	2	1536649627	0	1536649630	0	((4119, 16L), (4120, 17L), (4121, 16L))
3g_l1_1sku	6940517512235	1	1	1536649676	0	1536649678	0	((4119, 8L), (4120, 9L), (4121, 8L))
3g_l1_1sku	6940517512235	1	2	1536649678	0	1536649680	0	((4119, 8L), (4120, 7L), (4121, 8L))
3g_l1_1sku	6940517512235	1	1	1536649683	0	1536649684	0	()
3g_l1_1sku	6940517512235	1	2	1536649685	0	1536649687	0	((4119, 8L), (4120, 8L), (4121, 8L))
3g_l1_1sku	6940517512235	1	1	1536649689	0	1536649690	0	()
3g_l1_1sku	6940517512235	1	2	1536649691	0	1536649692	0	()
3g_l1_1sku	6940517512235	1	1	1536649694	0	1536649696	0	((4119, 8L), (4120, 9L), (4121, 8L))
3g_l1_1sku	6940517512235	1	2	1536649697	0	1536649698	0	()
3g_l1_1sku	6940517512235	1	1	1536649701	0	1536649703	0	((4119, 8L), (4120, 7L), (4121, 8L))
3g_l1_1sku	6940517512235	1	2	1536649703	0	1536649705	0	((4119, 9L), (4120, 8L), (4121, 9L))
3g_l1_1sku	6940517512235	1	1	1536649707	0	1536649709	0	((4119, 8L), (4120, 9L), (4121, 8L))
3g_l1_1sku	6940517512235	1	2	1536649709	0	1536649711	0	((4119, 8L), (4120, 9L), (4121, 8L))
