3g_g1_1sku	6903102100125	1	1	1536830135	0	1536830138	0	((4119, 17L), (4120, 17L), (4121, 17L))
3g_g1_1sku	6903102100125	1	2	1536830138	0	1536830141	0	((4119, 16L), (4120, 16L), (4121, 15L))
3g_g1_1sku	6903102100125	1	1	1536830144	0	1536830149	0	((4119, 32L), (4120, 32L), (4121, 32L))
3g_g1_1sku	6903102100125	1	2	1536830150	0	1536830152	0	((4119, 8L), (4120, 9L), (4121, 8L))
3g_g1_1sku	6903102100125	1	1	1536830155	0	1536830157	0	((4119, 8L), (4120, 9L), (4121, 8L))
3g_g1_1sku	6903102100125	1	2	1536830158	0	1536830160	0	((4119, 8L), (4120, 8L), (4121, 8L))
3g_g1_1sku	6903102100125	1	1	1536830164	0	1536830166	0	((4119, 8L), (4120, 9L), (4121, 8L))
3g_g1_1sku	6903102100125	1	2	1536830167	0	1536830169	0	((4119, 8L), (4120, 8L), (4121, 8L))
3g_g1_1sku	6903102100125	1	1	1536830172	0	1536830175	0	((4119, 16L), (4120, 16L), (4121, 16L))
3g_g1_1sku	6903102100125	1	2	1536830175	0	1536830178	0	((4119, 17L), (4120, 16L), (4121, 16L))
3g_g1_1sku	6903102100125	1	1	1536830181	0	1536830183	0	((4119, 9L), (4120, 9L), (4121, 9L))
3g_g1_1sku	6903102100125	1	2	1536830184	0	1536830186	0	((4119, 8L), (4120, 8L), (4121, 8L))
3g_g1_1sku	6903102100125	1	1	1536830248	0	1536830250	0	((4119, 8L), (4120, 8L), (4121, 8L))
3g_g1_1sku	6903102100125	1	2	1536830251	0	1536830253	0	((4119, 9L), (4120, 7L), (4121, 8L))
3g_g1_1sku	6903102100125	1	1	1536830256	0	1536830258	0	((4119, 8L), (4120, 8L), (4121, 9L))
3g_g1_1sku	6903102100125	1	2	1536830259	0	1536830261	0	((4119, 8L), (4120, 8L), (4121, 8L))
3g_g1_1sku	6903102100125	1	1	1536830265	0	1536830267	0	((4119, 8L), (4120, 8L), (4121, 8L))
3g_g1_1sku	6903102100125	1	2	1536830268	0	1536830270	0	((4119, 8L), (4120, 8L), (4121, 8L))
3g_g1_1sku	6903102100125	1	1	1536830272	0	1536830275	0	((4119, 16L), (4120, 17L), (4121, 17L))
3g_g1_1sku	6903102100125	1	2	1536830275	0	1536830278	0	((4119, 16L), (4120, 16L), (4121, 17L))
3g_g1_1sku	6903102100125	1	1	1536830281	0	1536830283	0	((4119, 8L), (4120, 9L), (4121, 8L))
3g_g1_1sku	6903102100125	1	2	1536830284	0	1536830286	0	((4119, 8L), (4120, 8L), (4121, 8L))
3g_g1_1sku	6903102100125	1	1	1536830289	0	1536830291	0	((4119, 8L), (4120, 9L), (4121, 8L))
3g_g1_1sku	6903102100125	1	2	1536830292	0	1536830294	0	((4119, 8L), (4120, 8L), (4121, 8L))
3g_g1_1sku	6903102100125	1	1	1536830315	0	1536830317	0	((4119, 8L), (4120, 8L), (4121, 8L))
3g_g1_1sku	6903102100125	1	2	1536830317	0	1536830320	0	((4119, 16L), (4120, 16L), (4121, 17L))
3g_g1_1sku	6903102100125	1	1	1536830323	0	1536830325	0	((4119, 8L), (4120, 9L), (4121, 8L))
3g_g1_1sku	6903102100125	1	2	1536830326	0	1536830328	0	((4119, 8L), (4120, 8L), (4121, 8L))
3g_g1_1sku	6903102100125	1	1	1536830330	0	1536830332	0	((4119, 9L), (4120, 9L), (4121, 8L))
3g_g1_1sku	6903102100125	1	2	1536830333	0	1536830335	0	((4119, 8L), (4120, 8L), (4121, 8L))
3g_g1_1sku	6903102100125	1	1	1536830338	0	1536830340	0	((4119, 9L), (4120, 9L), (4121, 8L))
3g_g1_1sku	6903102100125	1	2	1536830341	0	1536830343	0	((4119, 8L), (4120, 8L), (4121, 9L))
3g_g1_1sku	6903102100125	1	1	1536830346	0	1536830348	0	((4119, 8L), (4120, 9L), (4121, 8L))
3g_g1_1sku	6903102100125	1	2	1536830349	0	1536830351	0	((4119, 9L), (4120, 8L), (4121, 8L))
3g_g1_1sku	6903102100125	1	1	1536830353	0	1536830355	0	((4119, 8L), (4120, 7L), (4121, 8L))
3g_g1_1sku	6903102100125	1	2	1536830356	0	1536830358	0	((4119, 9L), (4120, 8L), (4121, 8L))
