3g_c1_1sku	6954767417684	1	1	1536658097	0	1536658100	0	((4119, 16L), (4120, 16L), (4121, 16L))
3g_c1_1sku	6954767417684	1	2	1536658100	0	1536658103	0	((4119, 16L), (4120, 16L), (4121, 16L))
3g_c1_1sku	6954767417684	1	1	1536658105	0	1536658108	0	((4119, 16L), (4120, 16L), (4121, 17L))
3g_c1_1sku	6954767417684	1	2	1536658108	0	1536658110	0	((4119, 8L), (4120, 8L), (4121, 8L))
3g_c1_1sku	6954767417684	1	1	1536658113	0	1536658115	0	((4119, 8L), (4120, 8L), (4121, 8L))
3g_c1_1sku	6954767417684	1	2	1536658115	0	1536658117	0	((4119, 9L), (4120, 8L), (4121, 8L))
3g_c1_1sku	6954767417684	1	1	1536658120	0	1536658122	0	((4119, 8L), (4120, 8L), (4121, 9L))
3g_c1_1sku	6954767417684	1	2	1536658122	0	1536658125	0	((4119, 16L), (4120, 17L), (4121, 16L))
3g_c1_1sku	6954767417684	1	1	1536658127	0	1536658129	0	((4119, 8L), (4120, 8L), (4121, 8L))
3g_c1_1sku	6954767417684	1	2	1536658129	0	1536658132	0	((4119, 16L), (4120, 17L), (4121, 17L))
3g_c1_1sku	6954767417684	1	1	1536658135	0	1536658138	0	((4119, 16L), (4120, 17L), (4121, 16L))
3g_c1_1sku	6954767417684	1	2	1536658138	0	1536658141	0	((4119, 17L), (4120, 16L), (4121, 16L))
3g_c1_1sku	6954767417684	1	1	1536659620	0	1536659622	0	((4119, 8L), (4120, 8L), (4121, 8L))
3g_c1_1sku	6954767417684	1	2	1536659623	0	1536659625	0	((4119, 8L), (4120, 8L), (4121, 8L))
3g_c1_1sku	6954767417684	1	1	1536659628	0	1536659631	0	((4119, 17L), (4120, 16L), (4121, 16L))
3g_c1_1sku	6954767417684	1	2	1536659631	0	1536659633	0	((4119, 8L), (4120, 8L), (4121, 8L))
3g_c1_1sku	6954767417684	1	1	1536659636	0	1536659638	0	((4119, 8L), (4120, 8L), (4121, 8L))
3g_c1_1sku	6954767417684	1	2	1536659639	0	1536659641	0	((4119, 8L), (4120, 9L), (4121, 9L))
3g_c1_1sku	6954767417684	1	1	1536659644	0	1536659646	0	((4119, 8L), (4120, 8L), (4121, 9L))
3g_c1_1sku	6954767417684	1	2	1536659646	0	1536659648	0	((4119, 8L), (4120, 8L), (4121, 8L))
3g_c1_1sku	6954767417684	1	1	1536659651	0	1536659654	0	((4119, 16L), (4120, 16L), (4121, 16L))
3g_c1_1sku	6954767417684	1	2	1536659654	0	1536659657	0	((4119, 17L), (4120, 17L), (4121, 16L))
3g_c1_1sku	6954767417684	1	1	1536659660	0	1536659662	0	((4119, 8L), (4120, 8L), (4121, 8L))
3g_c1_1sku	6954767417684	1	2	1536659662	0	1536659665	0	((4119, 16L), (4120, 17L), (4121, 16L))
3g_c1_1sku	6954767417684	1	1	1536659701	0	1536659705	0	((4119, 25L), (4120, 25L), (4121, 24L))
3g_c1_1sku	6954767417684	1	2	1536659705	0	1536659708	0	((4119, 16L), (4120, 17L), (4121, 16L))
3g_c1_1sku	6954767417684	1	1	1536659711	0	1536659714	0	((4119, 17L), (4120, 17L), (4121, 16L))
3g_c1_1sku	6954767417684	1	2	1536659714	0	1536659717	0	((4119, 16L), (4120, 16L), (4121, 16L))
3g_c1_1sku	6954767417684	1	1	1536659719	0	1536659722	0	((4119, 17L), (4120, 16L), (4121, 16L))
3g_c1_1sku	6954767417684	1	2	1536659722	0	1536659725	0	((4119, 16L), (4120, 16L), (4121, 16L))
3g_c1_1sku	6954767417684	1	1	1536659727	0	1536659729	0	((4119, 8L), (4120, 8L), (4121, 8L))
3g_c1_1sku	6954767417684	1	2	1536659730	0	1536659732	0	((4119, 8L), (4120, 8L), (4121, 8L))
3g_c1_1sku	6954767417684	1	1	1536659734	0	1536659737	0	((4119, 16L), (4120, 17L), (4121, 16L))
3g_c1_1sku	6954767417684	1	2	1536659737	0	1536659739	0	((4119, 8L), (4120, 8L), (4121, 8L))
3g_c1_1sku	6954767417684	1	1	1536659741	0	1536659744	0	((4119, 17L), (4120, 16L), (4121, 16L))
3g_c1_1sku	6954767417684	1	2	1536659745	0	1536659747	0	((4119, 8L), (4120, 8L), (4121, 9L))
