3g_e1_2sku	6921168500956	1	1	1536743647	0	1536743651	0	((4119, 24L), (4120, 24L), (4121, 15L))
3g_e1_2sku	6921168500956	1	2	1536743651	0	1536743655	0	((4119, 25L), (4120, 25L), (4121, 13L))
3g_e1_2sku	6921168500956	1	1	1536743658	0	1536743662	0	((4119, 25L), (4120, 24L), (4121, 9L))
3g_e1_2sku	6921168500956	1	2	1536743662	0	1536743666	0	((4119, 24L), (4120, 25L), (4121, 16L))
3g_e1_2sku	6921168500956	1	1	1536743669	0	1536743672	0	((4119, 16L), (4120, 17L), (4121, 11L))
3g_e1_2sku	6921168500956	1	2	1536743673	0	1536743677	0	((4119, 24L), (4120, 24L), (4121, 22L))
3g_e1_2sku	6921168500956	1	1	1536743702	0	1536743705	0	((4119, 17L), (4120, 16L), (4121, 8L))
3g_e1_2sku	6921168500956	1	2	1536743705	0	1536743709	0	((4119, 25L), (4120, 25L), (4121, 15L))
3g_e1_2sku	6921168500956	1	1	1536743712	0	1536743715	0	((4119, 17L), (4120, 16L), (4121, 11L))
3g_e1_2sku	6921168500956	1	2	1536743715	0	1536743719	0	((4119, 24L), (4120, 25L), (4121, 17L))
3g_e1_2sku	6921168500956	1	1	1536743721	0	1536743724	0	((4119, 17L), (4120, 16L), (4121, 12L))
3g_e1_2sku	6921168500956	1	2	1536743725	0	1536743728	0	((4119, 17L), (4120, 16L), (4121, 3L))
3g_e1_2sku	6921168500956	1	1	1536743742	0	1536743745	0	((4119, 17L), (4120, 16L), (4121, 9L))
3g_e1_2sku	6921168500956	1	2	1536743746	0	1536743749	0	((4119, 17L), (4120, 16L), (4121, 4L))
3g_e1_2sku	6921168500956	1	1	1536743752	0	1536743754	0	((4119, 8L), (4120, 8L), (4121, 2L))
3g_e1_2sku	6921168500956	1	2	1536743755	0	1536743758	0	((4119, 16L), (4120, 16L), (4121, 10L))
3g_e1_2sku	6921168500956	1	1	1536743761	0	1536743763	0	((4119, 8L), (4120, 9L), (4121, 4L))
3g_e1_2sku	6921168500956	1	2	1536743764	0	1536743767	0	((4119, 17L), (4120, 16L), (4121, 10L))
