3g_h1_2sku	6910160312513	1	1	1536747653	0	1536747656	0	((4119, 16L), (4120, 16L), (4121, 9L))
3g_h1_2sku	6910160312513	1	2	1536747656	0	1536747659	0	((4119, 16L), (4120, 16L), (4121, 9L))
3g_h1_2sku	6910160312513	1	1	1536747662	0	1536747665	0	((4119, 16L), (4120, 16L), (4121, 16L))
3g_h1_2sku	6910160312513	1	2	1536747665	0	1536747667	0	((4119, 9L), (4120, 8L), (4121, 5L))
3g_h1_2sku	6910160312513	1	1	1536747671	0	1536747673	0	((4119, 8L), (4120, 8L), (4121, 7L))
3g_h1_2sku	6910160312513	1	2	1536747674	0	1536747677	0	((4119, 16L), (4120, 17L), (4121, 11L))
3g_h1_2sku	6910160312513	1	1	1536747744	0	1536747747	0	((4119, 16L), (4120, 17L), (4121, 11L))
3g_h1_2sku	6910160312513	1	2	1536747747	0	1536747749	0	((4119, 8L), (4120, 8L), (4121, 1L))
3g_h1_2sku	6910160312513	1	1	1536747753	0	1536747755	0	((4119, 8L), (4120, 9L), (4121, 8L))
3g_h1_2sku	6910160312513	1	2	1536747755	0	1536747757	0	((4119, 8L), (4120, 9L), (4121, 5L))
3g_h1_2sku	6910160312513	1	1	1536747760	0	1536747762	0	((4119, 8L), (4120, 9L), (4121, 8L))
3g_h1_2sku	6910160312513	1	2	1536747763	0	1536747766	0	((4119, 16L), (4120, 16L), (4121, 10L))
3g_h1_2sku	6910160312513	1	1	1536747814	0	1536747817	0	((4119, 17L), (4120, 17L), (4121, 9L))
3g_h1_2sku	6910160312513	1	2	1536747817	0	1536747819	0	((4119, 8L), (4120, 8L), (4121, 5L))
3g_h1_2sku	6910160312513	1	1	1536747831	0	1536747833	0	((4119, 8L), (4120, 9L), (4121, 7L))
3g_h1_2sku	6910160312513	1	2	1536747833	0	1536747835	0	((4119, 8L), (4120, 8L), (4121, 6L))
3g_h1_2sku	6910160312513	1	1	1536747838	0	1536747840	0	((4119, 8L), (4120, 8L), (4121, 6L))
3g_h1_2sku	6910160312513	1	2	1536747841	0	1536747844	0	((4119, 16L), (4120, 16L), (4121, 14L))
