3g_c2_1sku	6954767410586	1	1	1536659824	0	1536659827	0	((4119, 17L), (4120, 16L), (4121, 16L))
3g_c2_1sku	6954767410586	1	2	1536659827	0	1536659830	0	((4119, 16L), (4120, 17L), (4121, 16L))
3g_c2_1sku	6954767410586	1	1	1536659833	0	1536659835	0	((4119, 9L), (4120, 8L), (4121, 8L))
3g_c2_1sku	6954767410586	1	2	1536659836	0	1536659838	0	((4119, 8L), (4120, 8L), (4121, 8L))
3g_c2_1sku	6954767410586	1	1	1536659840	0	1536659843	0	((4119, 17L), (4120, 16L), (4121, 17L))
3g_c2_1sku	6954767410586	1	2	1536659843	0	1536659846	0	((4119, 16L), (4120, 16L), (4121, 16L))
3g_c2_1sku	6954767410586	1	1	1536659848	0	1536659851	0	((4119, 16L), (4120, 17L), (4121, 16L))
3g_c2_1sku	6954767410586	1	2	1536659851	0	1536659854	0	((4119, 16L), (4120, 17L), (4121, 16L))
3g_c2_1sku	6954767410586	1	1	1536659856	0	1536659859	0	((4119, 17L), (4120, 16L), (4121, 16L))
3g_c2_1sku	6954767410586	1	2	1536659859	0	1536659862	0	((4119, 16L), (4120, 16L), (4121, 16L))
3g_c2_1sku	6954767410586	1	1	1536659864	0	1536659866	0	((4119, 8L), (4120, 8L), (4121, 7L))
3g_c2_1sku	6954767410586	1	2	1536659867	0	1536659869	0	((4119, 8L), (4120, 8L), (4121, 8L))
3g_c2_1sku	6954767410586	1	1	1536659914	0	1536659916	0	((4119, 8L), (4120, 8L), (4121, 8L))
3g_c2_1sku	6954767410586	1	2	1536659917	0	1536659919	0	((4119, 8L), (4120, 8L), (4121, 8L))
3g_c2_1sku	6954767410586	1	1	1536659923	0	1536659925	0	((4119, 8L), (4120, 9L), (4121, 8L))
3g_c2_1sku	6954767410586	1	2	1536659926	0	1536659928	0	((4119, 7L), (4120, 8L), (4121, 9L))
3g_c2_1sku	6954767410586	1	1	1536659931	0	1536659933	0	((4119, 8L), (4120, 8L), (4121, 8L))
3g_c2_1sku	6954767410586	1	2	1536659934	0	1536659937	0	((4119, 17L), (4120, 17L), (4121, 16L))
3g_c2_1sku	6954767410586	1	1	1536659940	0	1536659943	0	((4119, 17L), (4120, 16L), (4121, 16L))
3g_c2_1sku	6954767410586	1	2	1536659943	0	1536659946	0	((4119, 16L), (4120, 17L), (4121, 16L))
3g_c2_1sku	6954767410586	1	1	1536659955	0	1536659957	0	((4119, 8L), (4120, 8L), (4121, 8L))
3g_c2_1sku	6954767410586	1	2	1536659957	0	1536659960	0	((4119, 17L), (4120, 17L), (4121, 17L))
3g_c2_1sku	6954767410586	1	1	1536659963	0	1536659965	0	((4119, 9L), (4120, 8L), (4121, 8L))
3g_c2_1sku	6954767410586	1	2	1536659966	0	1536659968	0	((4119, 8L), (4120, 8L), (4121, 8L))
3g_c2_1sku	6954767410586	1	1	1536660003	0	1536660005	0	((4119, 8L), (4120, 8L), (4121, 7L))
3g_c2_1sku	6954767410586	1	2	1536660005	0	1536660008	0	((4119, 16L), (4120, 16L), (4121, 16L))
3g_c2_1sku	6954767410586	1	1	1536660011	0	1536660013	0	((4119, 8L), (4120, 8L), (4121, 8L))
3g_c2_1sku	6954767410586	1	2	1536660014	0	1536660017	0	((4119, 17L), (4120, 16L), (4121, 16L))
3g_c2_1sku	6954767410586	1	1	1536660019	0	1536660022	0	((4119, 16L), (4120, 16L), (4121, 16L))
3g_c2_1sku	6954767410586	1	2	1536660022	0	1536660025	0	((4119, 16L), (4120, 16L), (4121, 16L))
3g_c2_1sku	6954767410586	1	1	1536660027	0	1536660030	0	((4119, 16L), (4120, 17L), (4121, 16L))
3g_c2_1sku	6954767410586	1	2	1536660030	0	1536660033	0	((4119, 16L), (4120, 17L), (4121, 16L))
3g_c2_1sku	6954767410586	1	1	1536660039	0	1536660041	0	((4119, 8L), (4120, 9L), (4121, 9L))
3g_c2_1sku	6954767410586	1	2	1536660041	0	1536660044	0	((4119, 16L), (4120, 16L), (4121, 17L))
3g_c2_1sku	6954767410586	1	1	1536660046	0	1536660049	0	((4119, 16L), (4120, 17L), (4121, 16L))
3g_c2_1sku	6954767410586	1	2	1536660049	0	1536660052	0	((4119, 17L), (4120, 16L), (4121, 16L))
