3g_g4_2sku	6923450662021	1	1	1536747340	0	1536747342	0	((4119, 8L), (4120, 9L), (4121, 6L))
3g_g4_2sku	6923450662021	1	2	1536747342	0	1536747344	0	((4119, 8L), (4120, 9L), (4121, 6L))
3g_g4_2sku	6923450662021	1	1	1536747347	0	1536747350	0	((4119, 16L), (4120, 16L), (4121, 14L))
3g_g4_2sku	6923450662021	1	2	1536747350	0	1536747352	0	((4119, 8L), (4120, 8L), (4121, 4L))
3g_g4_2sku	6923450662021	1	1	1536747356	0	1536747358	0	((4119, 8L), (4120, 8L), (4121, 6L))
3g_g4_2sku	6923450662021	1	2	1536747359	0	1536747361	0	((4119, 8L), (4120, 8L), (4121, 4L))
3g_g4_2sku	6923450662021	1	1	1536747416	0	1536747418	0	((4119, 8L), (4120, 8L), (4121, 7L))
3g_g4_2sku	6923450662021	1	2	1536747418	0	1536747420	0	((4119, 8L), (4120, 8L), (4121, 5L))
3g_g4_2sku	6923450662021	1	1	1536747423	0	1536747425	0	((4119, 8L), (4120, 7L), (4121, 6L))
3g_g4_2sku	6923450662021	1	2	1536747426	0	1536747428	0	((4119, 8L), (4120, 8L), (4121, 7L))
3g_g4_2sku	6923450662021	1	1	1536747432	0	1536747434	0	((4119, 9L), (4120, 8L), (4121, 5L))
3g_g4_2sku	6923450662021	1	2	1536747434	0	1536747437	0	((4119, 16L), (4120, 16L), (4121, 14L))
3g_g4_2sku	6923450662021	1	1	1536747460	0	1536747462	0	((4119, 8L), (4120, 8L), (4121, 6L))
3g_g4_2sku	6923450662021	1	2	1536747462	0	1536747465	0	((4119, 16L), (4120, 17L), (4121, 17L))
3g_g4_2sku	6923450662021	1	1	1536747470	0	1536747472	0	((4119, 8L), (4120, 8L), (4121, 6L))
3g_g4_2sku	6923450662021	1	2	1536747472	0	1536747475	0	((4119, 16L), (4120, 16L), (4121, 11L))
3g_g4_2sku	6923450662021	1	1	1536747478	0	1536747480	0	((4119, 7L), (4120, 8L), (4121, 7L))
3g_g4_2sku	6923450662021	1	2	1536747481	0	1536747483	0	((4119, 8L), (4120, 8L), (4121, 4L))
