3g_b3_1sku	6938309700533	1	1	1536822809	0	1536822811	0	((4119, 9L), (4120, 8L), (4121, 7L))
3g_b3_1sku	6938309700533	1	2	1536822812	0	1536822814	0	((4119, 8L), (4120, 8L), (4121, 7L))
3g_b3_1sku	6938309700533	1	1	1536822819	0	1536822822	0	((4119, 16L), (4120, 16L), (4121, 16L))
3g_b3_1sku	6938309700533	1	2	1536822822	0	1536822825	0	((4119, 17L), (4120, 16L), (4121, 16L))
3g_b3_1sku	6938309700533	1	1	1536822828	0	1536822830	0	((4119, 8L), (4120, 8L), (4121, 8L))
3g_b3_1sku	6938309700533	1	2	1536822831	0	1536822833	0	((4119, 8L), (4120, 8L), (4121, 8L))
3g_b3_1sku	6938309700533	1	1	1536822836	0	1536822839	0	((4119, 16L), (4120, 16L), (4121, 17L))
3g_b3_1sku	6938309700533	1	2	1536822839	0	1536822842	0	((4119, 16L), (4120, 16L), (4121, 16L))
3g_b3_1sku	6938309700533	1	1	1536822848	0	1536822851	0	((4119, 17L), (4120, 16L), (4121, 16L))
3g_b3_1sku	6938309700533	1	2	1536822851	0	1536822854	0	((4119, 17L), (4120, 17L), (4121, 16L))
3g_b3_1sku	6938309700533	1	1	1536822858	0	1536822860	0	((4119, 8L), (4120, 8L), (4121, 8L))
3g_b3_1sku	6938309700533	1	2	1536822861	0	1536822864	0	((4119, 17L), (4120, 17L), (4121, 16L))
3g_b3_1sku	6938309700533	1	1	1536822905	0	1536822908	0	((4119, 17L), (4120, 16L), (4121, 16L))
3g_b3_1sku	6938309700533	1	2	1536822909	0	1536822911	0	((4119, 8L), (4120, 7L), (4121, 8L))
3g_b3_1sku	6938309700533	1	1	1536822915	0	1536822917	0	((4119, 9L), (4120, 8L), (4121, 8L))
3g_b3_1sku	6938309700533	1	2	1536822918	0	1536822920	0	((4119, 8L), (4120, 9L), (4121, 8L))
3g_b3_1sku	6938309700533	1	1	1536822923	0	1536822925	0	((4119, 8L), (4120, 8L), (4121, 8L))
3g_b3_1sku	6938309700533	1	2	1536822926	0	1536822928	0	((4119, 9L), (4120, 9L), (4121, 9L))
3g_b3_1sku	6938309700533	1	1	1536822930	0	1536822933	0	((4119, 16L), (4120, 16L), (4121, 16L))
3g_b3_1sku	6938309700533	1	2	1536822933	0	1536822936	0	((4119, 16L), (4120, 16L), (4121, 16L))
3g_b3_1sku	6938309700533	1	1	1536822939	0	1536822941	0	((4119, 8L), (4120, 8L), (4121, 8L))
3g_b3_1sku	6938309700533	1	2	1536822942	0	1536822944	0	((4119, 8L), (4120, 8L), (4121, 8L))
3g_b3_1sku	6938309700533	1	1	1536822947	0	1536822950	0	((4119, 15L), (4120, 16L), (4121, 16L))
3g_b3_1sku	6938309700533	1	2	1536822951	0	1536822954	0	((4119, 16L), (4120, 17L), (4121, 16L))
3g_b3_1sku	6938309700533	1	1	1536822981	0	1536822984	0	((4119, 16L), (4120, 16L), (4121, 17L))
3g_b3_1sku	6938309700533	1	2	1536822984	0	1536822986	0	((4119, 9L), (4120, 8L), (4121, 9L))
3g_b3_1sku	6938309700533	1	1	1536822990	0	1536822992	0	((4119, 8L), (4120, 8L), (4121, 8L))
3g_b3_1sku	6938309700533	1	2	1536822993	0	1536822995	0	((4119, 8L), (4120, 8L), (4121, 8L))
3g_b3_1sku	6938309700533	1	1	1536822998	0	1536823000	0	((4119, 8L), (4120, 8L), (4121, 8L))
3g_b3_1sku	6938309700533	1	2	1536823001	0	1536823003	0	((4119, 9L), (4120, 9L), (4121, 8L))
3g_b3_1sku	6938309700533	1	1	1536823006	0	1536823008	0	((4119, 8L), (4120, 8L), (4121, 9L))
3g_b3_1sku	6938309700533	1	2	1536823009	0	1536823011	0	((4119, 8L), (4120, 9L), (4121, 8L))
3g_b3_1sku	6938309700533	1	1	1536823014	0	1536823016	0	((4119, 8L), (4120, 8L), (4121, 8L))
3g_b3_1sku	6938309700533	1	2	1536823017	0	1536823020	0	((4119, 17L), (4120, 16L), (4121, 16L))
3g_b3_1sku	6938309700533	1	1	1536823023	0	1536823026	0	((4119, 16L), (4120, 15L), (4121, 16L))
3g_b3_1sku	6938309700533	1	2	1536823027	0	1536823029	0	((4119, 9L), (4120, 8L), (4121, 8L))
