3g_h3_2sku	6922848608740	1	1	1536748153	0	1536748155	0	((4119, 7L), (4120, 8L), (4121, 4L))
3g_h3_2sku	6922848608740	1	2	1536748156	0	1536748158	0	((4119, 8L), (4120, 9L), (4121, 3L))
3g_h3_2sku	6922848608740	1	1	1536748162	0	1536748164	0	((4119, 8L), (4120, 8L), (4121, 7L))
3g_h3_2sku	6922848608740	1	2	1536748164	0	1536748166	0	((4119, 8L), (4120, 8L), (4121, 6L))
3g_h3_2sku	6922848608740	1	1	1536748169	0	1536748172	0	((4119, 17L), (4120, 16L), (4121, 17L))
3g_h3_2sku	6922848608740	1	2	1536748172	0	1536748175	0	((4119, 16L), (4120, 16L), (4121, 11L))
3g_h3_2sku	6922848608740	1	1	1536748207	0	1536748209	0	((4119, 8L), (4120, 8L))
3g_h3_2sku	6922848608740	1	2	1536748210	0	1536748213	0	((4119, 16L), (4120, 16L), (4121, 6L))
3g_h3_2sku	6922848608740	1	1	1536748216	0	1536748219	0	((4119, 16L), (4120, 16L), (4121, 15L))
3g_h3_2sku	6922848608740	1	2	1536748219	0	1536748222	0	((4119, 17L), (4120, 16L), (4121, 7L))
3g_h3_2sku	6922848608740	1	1	1536748225	0	1536748228	0	((4119, 16L), (4120, 17L), (4121, 17L))
3g_h3_2sku	6922848608740	1	2	1536748228	0	1536748230	0	((4119, 8L), (4120, 8L), (4121, 3L))
3g_h3_2sku	6922848608740	1	1	1536748274	0	1536748276	0	((4119, 8L), (4120, 8L))
3g_h3_2sku	6922848608740	1	2	1536748277	0	1536748279	0	((4119, 8L), (4120, 8L), (4121, 4L))
3g_h3_2sku	6922848608740	1	1	1536748282	0	1536748285	0	((4119, 17L), (4120, 16L), (4121, 10L))
3g_h3_2sku	6922848608740	1	2	1536748285	0	1536748288	0	((4119, 17L), (4120, 17L), (4121, 7L))
3g_h3_2sku	6922848608740	1	1	1536748291	0	1536748293	0	((4119, 8L), (4120, 8L), (4121, 7L))
3g_h3_2sku	6922848608740	1	2	1536748294	0	1536748296	0	((4119, 8L), (4120, 8L), (4121, 2L))
