3g_g2_2sku	6901035609654	1	1	1536746832	0	1536746835	0	((4119, 16L), (4120, 16L), (4121, 12L))
3g_g2_2sku	6901035609654	1	2	1536746836	0	1536746839	0	((4119, 16L), (4120, 17L), (4121, 8L))
3g_g2_2sku	6901035609654	1	1	1536746842	0	1536746844	0	((4119, 8L), (4120, 9L), (4121, 10L))
3g_g2_2sku	6901035609654	1	2	1536746845	0	1536746848	0	((4119, 16L), (4120, 16L), (4121, 11L))
3g_g2_2sku	6901035609654	1	1	1536746850	0	1536746852	0	((4119, 8L), (4120, 8L), (4121, 9L))
3g_g2_2sku	6901035609654	1	2	1536746853	0	1536746855	0	((4119, 9L), (4120, 8L), (4121, 9L))
3g_g2_2sku	6901035609654	1	1	1536746922	0	1536746924	0	((4119, 8L), (4120, 8L), (4121, 7L))
3g_g2_2sku	6901035609654	1	2	1536746925	0	1536746928	0	((4119, 16L), (4120, 16L), (4121, 11L))
3g_g2_2sku	6901035609654	1	1	1536746931	0	1536746933	0	((4119, 8L), (4120, 9L), (4121, 10L))
3g_g2_2sku	6901035609654	1	2	1536746933	0	1536746936	0	((4119, 17L), (4120, 17L), (4121, 14L))
3g_g2_2sku	6901035609654	1	1	1536746939	0	1536746942	0	((4119, 17L), (4120, 17L), (4121, 14L))
3g_g2_2sku	6901035609654	1	2	1536746943	0	1536746945	0	((4119, 8L), (4120, 8L), (4121, 4L))
3g_g2_2sku	6901035609654	1	1	1536746977	0	1536746979	0	((4119, 8L), (4120, 8L), (4121, 8L))
3g_g2_2sku	6901035609654	1	2	1536746980	0	1536746982	0	((4119, 8L), (4120, 8L), (4121, 4L))
3g_g2_2sku	6901035609654	1	1	1536746985	0	1536746988	0	((4119, 16L), (4120, 16L), (4121, 19L))
3g_g2_2sku	6901035609654	1	2	1536746988	0	1536746992	0	((4119, 24L), (4120, 24L), (4121, 17L))
3g_g2_2sku	6901035609654	1	1	1536747003	0	1536747006	0	((4119, 17L), (4120, 16L), (4121, 14L))
3g_g2_2sku	6901035609654	1	2	1536747007	0	1536747009	0	((4119, 8L), (4120, 8L), (4121, 5L))
