3g_h2_2sku	6922130118483	1	1	1536747918	0	1536747921	0	((4119, 16L), (4120, 17L), (4121, 12L))
3g_h2_2sku	6922130118483	1	2	1536747921	0	1536747924	0	((4119, 16L), (4120, 16L), (4121, 10L))
3g_h2_2sku	6922130118483	1	1	1536747928	0	1536747930	0	((4119, 8L), (4120, 8L), (4121, 5L))
3g_h2_2sku	6922130118483	1	2	1536747931	0	1536747934	0	((4119, 16L), (4120, 16L), (4121, 13L))
3g_h2_2sku	6922130118483	1	1	1536747940	0	1536747943	0	((4119, 17L), (4120, 16L), (4121, 6L))
3g_h2_2sku	6922130118483	1	2	1536747945	0	1536747948	0	((4119, 17L), (4120, 17L), (4121, 18L))
3g_h2_2sku	6922130118483	1	1	1536748001	0	1536748004	0	((4119, 16L), (4120, 16L), (4121, 11L))
3g_h2_2sku	6922130118483	1	2	1536748004	0	1536748008	0	((4119, 25L), (4120, 25L), (4121, 15L))
3g_h2_2sku	6922130118483	1	1	1536748011	0	1536748018	0	((4119, 49L), (4120, 48L), (4121, 51L))
3g_h2_2sku	6922130118483	1	2	1536748018	0	1536748023	0	((4119, 32L), (4120, 33L), (4121, 18L))
3g_h2_2sku	6922130118483	1	1	1536748026	0	1536748029	0	((4119, 16L), (4120, 17L), (4121, 13L))
3g_h2_2sku	6922130118483	1	2	1536748030	0	1536748034	0	((4119, 25L), (4120, 24L), (4121, 20L))
3g_h2_2sku	6922130118483	1	1	1536748061	0	1536748066	0	((4119, 33L), (4120, 33L), (4121, 26L))
3g_h2_2sku	6922130118483	1	2	1536748074	0	1536748076	0	((4119, 8L), (4120, 8L), (4121, 6L))
3g_h2_2sku	6922130118483	1	1	1536748081	0	1536748083	0	((4119, 8L), (4120, 8L), (4121, 3L))
3g_h2_2sku	6922130118483	1	2	1536748084	0	1536748087	0	((4119, 16L), (4120, 16L), (4121, 8L))
3g_h2_2sku	6922130118483	1	1	1536748091	0	1536748093	0	((4119, 9L), (4120, 8L), (4121, 4L))
3g_h2_2sku	6922130118483	1	2	1536748094	0	1536748097	0	((4119, 16L), (4120, 16L), (4121, 11L))
