3g_f1_1sku	6921168593569	1	1	1536632848	0	1536632851	0	((4119, 16L), (4120, 16L), (4121, 16L))
3g_f1_1sku	6921168593569	1	2	1536632851	0	1536632862	0	((4119, 81L), (4120, 82L), (4121, 81L))
3g_f1_1sku	6921168593569	1	1	1536632881	0	1536632884	0	((4119, 16L), (4120, 17L), (4121, 16L))
3g_f1_1sku	6921168593569	1	2	1536632885	0	1536632887	0	((4119, 8L), (4120, 8L), (4121, 8L))
3g_f1_1sku	6921168593569	1	1	1536632891	0	1536632892	0	()
3g_f1_1sku	6921168593569	1	2	1536632893	0	1536632895	0	((4119, 8L), (4120, 9L), (4121, 8L))
3g_f1_1sku	6921168593569	1	1	1536632898	0	1536632900	0	((4119, 7L), (4120, 8L), (4121, 8L))
3g_f1_1sku	6921168593569	1	2	1536632900	0	1536632903	0	((4119, 16L), (4120, 17L), (4121, 17L))
3g_f1_1sku	6921168593569	1	1	1536632905	0	1536632908	0	((4119, 16L), (4120, 17L), (4121, 16L))
3g_f1_1sku	6921168593569	1	2	1536632908	0	1536632910	0	((4119, 8L), (4120, 8L), (4121, 8L))
3g_f1_1sku	6921168593569	1	1	1536632912	0	1536632914	0	((4119, 9L), (4120, 8L), (4121, 8L))
3g_f1_1sku	6921168593569	1	2	1536632914	0	1536632917	0	((4119, 16L), (4120, 17L), (4121, 17L))
3g_f1_1sku	6921168593569	1	1	1536632978	0	1536632980	0	((4119, 8L), (4120, 7L), (4121, 8L))
3g_f1_1sku	6921168593569	1	2	1536632980	0	1536632984	0	((4119, 24L), (4120, 25L), (4121, 24L))
3g_f1_1sku	6921168593569	1	1	1536632986	0	1536632988	0	((4119, 8L), (4120, 9L), (4121, 9L))
3g_f1_1sku	6921168593569	1	2	1536632988	0	1536632990	0	((4119, 8L), (4120, 8L), (4121, 8L))
3g_f1_1sku	6921168593569	1	1	1536632992	0	1536632994	0	((4119, 9L), (4120, 8L), (4121, 8L))
3g_f1_1sku	6921168593569	1	2	1536632994	0	1536632997	0	((4119, 16L), (4120, 16L), (4121, 16L))
3g_f1_1sku	6921168593569	1	1	1536632999	0	1536633000	0	()
3g_f1_1sku	6921168593569	1	2	1536633001	0	1536633003	0	((4119, 8L), (4120, 9L), (4121, 9L))
3g_f1_1sku	6921168593569	1	1	1536633006	0	1536633008	0	((4119, 8L), (4120, 8L), (4121, 8L))
3g_f1_1sku	6921168593569	1	2	1536633008	0	1536633010	0	((4119, 8L), (4120, 9L), (4121, 8L))
3g_f1_1sku	6921168593569	1	1	1536633012	0	1536633014	0	((4119, 9L), (4120, 8L), (4121, 8L))
3g_f1_1sku	6921168593569	1	2	1536633014	0	1536633017	0	((4119, 16L), (4120, 17L), (4121, 17L))
3g_f1_1sku	6921168593569	1	1	1536633121	0	1536633124	0	((4119, 16L), (4120, 16L), (4121, 16L))
3g_f1_1sku	6921168593569	1	2	1536633125	0	1536633127	0	((4119, 7L), (4120, 8L), (4121, 8L))
3g_f1_1sku	6921168593569	1	1	1536633129	0	1536633131	0	((4119, 8L), (4120, 8L), (4121, 8L))
3g_f1_1sku	6921168593569	1	2	1536633131	0	1536633133	0	((4119, 8L), (4120, 8L), (4121, 8L))
3g_f1_1sku	6921168593569	1	1	1536633135	0	1536633137	0	((4119, 8L), (4120, 8L), (4121, 8L))
3g_f1_1sku	6921168593569	1	2	1536633137	0	1536633139	0	((4119, 8L), (4120, 8L), (4121, 8L))
3g_f1_1sku	6921168593569	1	1	1536633141	0	1536633143	0	((4119, 7L), (4120, 7L), (4121, 8L))
3g_f1_1sku	6921168593569	1	2	1536633143	0	1536633145	0	((4119, 8L), (4120, 8L), (4121, 9L))
3g_f1_1sku	6921168593569	1	1	1536633148	0	1536633150	0	((4119, 7L), (4120, 9L), (4121, 8L))
3g_f1_1sku	6921168593569	1	2	1536633150	0	1536633152	0	((4119, 9L), (4120, 9L), (4121, 8L))
3g_f1_1sku	6921168593569	1	1	1536633155	0	1536633157	0	((4119, 8L), (4120, 9L), (4121, 8L))
3g_f1_1sku	6921168593569	1	2	1536633157	0	1536633159	0	((4119, 8L), (4120, 8L), (4121, 9L))
