3g_f1_1sku	6921168593569	1	1	1536829229	0	1536829233	0	((4119, 25L), (4120, 25L), (4121, 24L))
3g_f1_1sku	6921168593569	1	2	1536829234	0	1536829236	0	((4119, 8L), (4120, 8L), (4121, 8L))
3g_f1_1sku	6921168593569	1	1	1536829239	0	1536829241	0	((4119, 8L), (4120, 8L), (4121, 9L))
3g_f1_1sku	6921168593569	1	2	1536829241	0	1536829243	0	((4119, 9L), (4120, 8L), (4121, 8L))
3g_f1_1sku	6921168593569	1	1	1536829246	0	1536829249	0	((4119, 16L), (4120, 16L), (4121, 16L))
3g_f1_1sku	6921168593569	1	2	1536829249	0	1536829251	0	((4119, 8L), (4120, 8L), (4121, 8L))
3g_f1_1sku	6921168593569	1	1	1536829254	0	1536829256	0	((4119, 8L), (4120, 8L), (4121, 8L))
3g_f1_1sku	6921168593569	1	2	1536829257	0	1536829259	0	((4119, 8L), (4120, 8L), (4121, 7L))
3g_f1_1sku	6921168593569	1	1	1536829261	0	1536829263	0	((4119, 8L), (4120, 8L), (4121, 8L))
3g_f1_1sku	6921168593569	1	2	1536829264	0	1536829266	0	((4119, 8L), (4120, 8L), (4121, 8L))
3g_f1_1sku	6921168593569	1	1	1536829268	0	1536829271	0	((4119, 16L), (4120, 16L), (4121, 16L))
3g_f1_1sku	6921168593569	1	2	1536829273	0	1536829275	0	((4119, 8L), (4120, 9L), (4121, 8L))
3g_f1_1sku	6921168593569	1	1	1536829323	0	1536829326	0	((4119, 16L), (4120, 16L), (4121, 15L))
3g_f1_1sku	6921168593569	1	2	1536829326	0	1536829328	0	((4119, 8L), (4120, 8L), (4121, 8L))
3g_f1_1sku	6921168593569	1	1	1536829332	0	1536829334	0	((4119, 7L), (4120, 8L), (4121, 8L))
3g_f1_1sku	6921168593569	1	2	1536829334	0	1536829336	0	((4119, 8L), (4120, 8L), (4121, 8L))
3g_f1_1sku	6921168593569	1	1	1536829339	0	1536829342	0	((4119, 16L), (4120, 17L), (4121, 16L))
3g_f1_1sku	6921168593569	1	2	1536829342	0	1536829345	0	((4119, 16L), (4120, 16L), (4121, 17L))
3g_f1_1sku	6921168593569	1	1	1536829348	0	1536829351	0	((4119, 17L), (4120, 16L), (4121, 16L))
3g_f1_1sku	6921168593569	1	2	1536829352	0	1536829354	0	((4119, 8L), (4120, 9L), (4121, 8L))
3g_f1_1sku	6921168593569	1	1	1536829358	0	1536829360	0	((4119, 8L), (4120, 9L), (4121, 8L))
3g_f1_1sku	6921168593569	1	2	1536829361	0	1536829363	0	((4119, 7L), (4120, 8L), (4121, 8L))
3g_f1_1sku	6921168593569	1	1	1536829366	0	1536829369	0	((4119, 16L), (4120, 17L), (4121, 16L))
3g_f1_1sku	6921168593569	1	2	1536829370	0	1536829372	0	((4119, 8L), (4120, 8L), (4121, 8L))
3g_f1_1sku	6921168593569	1	1	1536829410	0	1536829412	0	((4119, 8L), (4120, 7L), (4121, 7L))
3g_f1_1sku	6921168593569	1	2	1536829412	0	1536829415	0	((4119, 17L), (4120, 16L), (4121, 17L))
3g_f1_1sku	6921168593569	1	1	1536829418	0	1536829420	0	((4119, 8L), (4120, 9L), (4121, 8L))
3g_f1_1sku	6921168593569	1	2	1536829421	0	1536829423	0	((4119, 7L), (4120, 8L), (4121, 8L))
3g_f1_1sku	6921168593569	1	1	1536829426	0	1536829428	0	((4119, 8L), (4120, 8L), (4121, 9L))
3g_f1_1sku	6921168593569	1	2	1536829429	0	1536829431	0	((4119, 9L), (4120, 8L), (4121, 9L))
3g_f1_1sku	6921168593569	1	1	1536829434	0	1536829436	0	((4119, 8L), (4120, 8L), (4121, 8L))
3g_f1_1sku	6921168593569	1	2	1536829437	0	1536829439	0	((4119, 8L), (4120, 8L), (4121, 8L))
3g_f1_1sku	6921168593569	1	1	1536829440	0	1536829444	0	((4119, 25L), (4120, 25L), (4121, 25L))
3g_f1_1sku	6921168593569	1	2	1536829444	0	1536829447	0	((4119, 16L), (4120, 16L), (4121, 16L))
3g_f1_1sku	6921168593569	1	1	1536829450	0	1536829452	0	((4119, 8L), (4120, 8L), (4121, 8L))
3g_f1_1sku	6921168593569	1	2	1536829453	0	1536829456	0	((4119, 16L), (4120, 16L), (4121, 16L))
