3g_f2_1sku	6925303754952	1	1	1536829512	0	1536829515	0	((4119, 16L), (4120, 16L), (4121, 16L))
3g_f2_1sku	6925303754952	1	2	1536829515	0	1536829518	0	((4119, 16L), (4120, 16L), (4121, 17L))
3g_f2_1sku	6925303754952	1	1	1536829521	0	1536829524	0	((4119, 16L), (4120, 16L), (4121, 16L))
3g_f2_1sku	6925303754952	1	2	1536829525	0	1536829528	0	((4119, 15L), (4120, 16L), (4121, 16L))
3g_f2_1sku	6925303754952	1	1	1536829531	0	1536829533	0	((4119, 8L), (4120, 8L), (4121, 9L))
3g_f2_1sku	6925303754952	1	2	1536829534	0	1536829536	0	((4119, 8L), (4120, 8L), (4121, 9L))
3g_f2_1sku	6925303754952	1	1	1536829539	0	1536829541	0	((4119, 8L), (4120, 9L), (4121, 8L))
3g_f2_1sku	6925303754952	1	2	1536829542	0	1536829544	0	((4119, 8L), (4120, 8L), (4121, 8L))
3g_f2_1sku	6925303754952	1	1	1536829546	0	1536829549	0	((4119, 17L), (4120, 17L), (4121, 17L))
3g_f2_1sku	6925303754952	1	2	1536829550	0	1536829552	0	((4119, 8L), (4120, 8L), (4121, 9L))
3g_f2_1sku	6925303754952	1	1	1536829555	0	1536829558	0	((4119, 17L), (4120, 17L), (4121, 16L))
3g_f2_1sku	6925303754952	1	2	1536829559	0	1536829561	0	((4119, 8L), (4120, 8L), (4121, 8L))
3g_f2_1sku	6925303754952	1	1	1536829600	0	1536829602	0	((4119, 8L), (4120, 8L), (4121, 8L))
3g_f2_1sku	6925303754952	1	2	1536829603	0	1536829606	0	((4119, 17L), (4120, 16L), (4121, 17L))
3g_f2_1sku	6925303754952	1	1	1536829610	0	1536829613	0	((4119, 16L), (4120, 16L), (4121, 15L))
3g_f2_1sku	6925303754952	1	2	1536829613	0	1536829616	0	((4119, 17L), (4120, 16L), (4121, 16L))
3g_f2_1sku	6925303754952	1	1	1536829619	0	1536829621	0	((4119, 8L), (4120, 8L), (4121, 8L))
3g_f2_1sku	6925303754952	1	2	1536829622	0	1536829624	0	((4119, 9L), (4120, 8L), (4121, 8L))
3g_f2_1sku	6925303754952	1	1	1536829627	0	1536829630	0	((4119, 16L), (4120, 16L), (4121, 16L))
3g_f2_1sku	6925303754952	1	2	1536829631	0	1536829633	0	((4119, 8L), (4120, 8L), (4121, 8L))
3g_f2_1sku	6925303754952	1	1	1536829636	0	1536829639	0	((4119, 16L), (4120, 17L), (4121, 15L))
3g_f2_1sku	6925303754952	1	2	1536829640	0	1536829642	0	((4119, 9L), (4120, 8L), (4121, 7L))
3g_f2_1sku	6925303754952	1	1	1536829645	0	1536829648	0	((4119, 16L), (4120, 17L), (4121, 16L))
3g_f2_1sku	6925303754952	1	2	1536829648	0	1536829651	0	((4119, 17L), (4120, 16L), (4121, 16L))
3g_f2_1sku	6925303754952	1	1	1536829683	0	1536829686	0	((4119, 16L), (4120, 17L), (4121, 16L))
3g_f2_1sku	6925303754952	1	2	1536829687	0	1536829690	0	((4119, 16L), (4120, 16L), (4121, 16L))
3g_f2_1sku	6925303754952	1	1	1536829693	0	1536829695	0	((4119, 9L), (4120, 8L), (4121, 8L))
3g_f2_1sku	6925303754952	1	2	1536829695	0	1536829698	0	((4119, 16L), (4120, 16L), (4121, 16L))
3g_f2_1sku	6925303754952	1	1	1536829701	0	1536829704	0	((4119, 17L), (4120, 16L), (4121, 16L))
3g_f2_1sku	6925303754952	1	2	1536829704	0	1536829707	0	((4119, 16L), (4120, 17L), (4121, 16L))
3g_f2_1sku	6925303754952	1	1	1536829710	0	1536829713	0	((4119, 16L), (4120, 17L), (4121, 16L))
3g_f2_1sku	6925303754952	1	2	1536829714	0	1536829716	0	((4119, 8L), (4120, 8L), (4121, 8L))
3g_f2_1sku	6925303754952	1	1	1536829719	0	1536829721	0	((4119, 8L), (4120, 9L), (4121, 8L))
3g_f2_1sku	6925303754952	1	2	1536829722	0	1536829724	0	((4119, 7L), (4120, 8L), (4121, 8L))
3g_f2_1sku	6925303754952	1	1	1536829727	0	1536829729	0	((4119, 8L), (4120, 9L), (4121, 8L))
3g_f2_1sku	6925303754952	1	2	1536829730	0	1536829732	0	((4119, 9L), (4120, 8L), (4121, 7L))
