3g_j3_2sku	6911988014276	1	1	1536806428	0	1536806431	0	((4119, 17L), (4120, 16L), (4121, 16L))
3g_j3_2sku	6911988014276	1	2	1536806431	0	1536806435	0	((4119, 24L), (4120, 24L), (4121, 23L))
3g_j3_2sku	6911988014276	1	1	1536806438	0	1536806441	0	((4119, 16L), (4120, 16L), (4121, 16L))
3g_j3_2sku	6911988014276	1	2	1536806442	0	1536806445	0	((4119, 16L), (4120, 16L), (4121, 17L))
3g_j3_2sku	6911988014276	1	1	1536806448	0	1536806451	0	((4119, 15L), (4120, 16L), (4121, 16L))
3g_j3_2sku	6911988014276	1	2	1536806451	0	1536806454	0	((4119, 16L), (4120, 17L), (4121, 16L))
3g_j3_2sku	6911988014276	1	1	1536806493	0	1536806496	0	((4119, 16L), (4120, 17L), (4121, 16L))
3g_j3_2sku	6911988014276	1	2	1536806496	0	1536806500	0	((4119, 24L), (4120, 24L), (4121, 24L))
3g_j3_2sku	6911988014276	1	1	1536806503	0	1536806506	0	((4119, 16L), (4120, 15L), (4121, 16L))
3g_j3_2sku	6911988014276	1	2	1536806506	0	1536806510	0	((4119, 24L), (4120, 24L), (4121, 24L))
3g_j3_2sku	6911988014276	1	1	1536806512	0	1536806515	0	((4119, 16L), (4120, 16L), (4121, 16L))
3g_j3_2sku	6911988014276	1	2	1536806516	0	1536806520	0	((4119, 25L), (4120, 23L), (4121, 24L))
3g_j3_2sku	6911988014276	1	1	1536806538	0	1536806542	0	((4119, 24L), (4120, 24L), (4121, 24L))
3g_j3_2sku	6911988014276	1	2	1536806542	0	1536806546	0	((4119, 25L), (4120, 24L), (4121, 24L))
3g_j3_2sku	6911988014276	1	1	1536806550	0	1536806554	0	((4119, 25L), (4120, 25L), (4121, 24L))
3g_j3_2sku	6911988014276	1	2	1536806554	0	1536806558	0	((4119, 24L), (4120, 24L), (4121, 24L))
3g_j3_2sku	6911988014276	1	1	1536806561	0	1536806564	0	((4119, 16L), (4120, 16L), (4121, 16L))
3g_j3_2sku	6911988014276	1	2	1536806565	0	1536806568	0	((4119, 16L), (4120, 16L), (4121, 16L))
