3g_e2_2sku	6921168500970	1	1	1536743820	0	1536743823	0	((4119, 17L), (4120, 16L), (4121, 6L))
3g_e2_2sku	6921168500970	1	2	1536743824	0	1536743827	0	((4119, 16L), (4120, 17L), (4121, 5L))
3g_e2_2sku	6921168500970	1	1	1536743831	0	1536743834	0	((4119, 16L), (4120, 16L), (4121, 12L))
3g_e2_2sku	6921168500970	1	2	1536743834	0	1536743837	0	((4119, 17L), (4120, 16L), (4121, 6L))
3g_e2_2sku	6921168500970	1	1	1536743841	0	1536743844	0	((4119, 16L), (4120, 16L), (4121, 13L))
3g_e2_2sku	6921168500970	1	2	1536743844	0	1536743847	0	((4119, 16L), (4120, 17L), (4121, 9L))
3g_e2_2sku	6921168500970	1	1	1536743869	0	1536743873	0	((4119, 25L), (4120, 24L), (4121, 14L))
3g_e2_2sku	6921168500970	1	2	1536743873	0	1536743876	0	((4119, 17L), (4120, 16L), (4121, 6L))
3g_e2_2sku	6921168500970	1	1	1536743879	0	1536743882	0	((4119, 16L), (4120, 17L), (4121, 14L))
3g_e2_2sku	6921168500970	1	2	1536743882	0	1536743885	0	((4119, 16L), (4120, 16L), (4121, 7L))
3g_e2_2sku	6921168500970	1	1	1536743889	0	1536743891	0	((4119, 8L), (4120, 8L), (4121, 7L))
3g_e2_2sku	6921168500970	1	2	1536743892	0	1536743894	0	((4119, 8L), (4120, 9L), (4121, 3L))
3g_e2_2sku	6921168500970	1	1	1536743913	0	1536743916	0	((4119, 16L), (4120, 16L), (4121, 10L))
3g_e2_2sku	6921168500970	1	2	1536743917	0	1536743920	0	((4119, 16L), (4120, 17L), (4121, 7L))
3g_e2_2sku	6921168500970	1	1	1536743923	0	1536743927	0	((4119, 24L), (4120, 24L), (4121, 19L))
3g_e2_2sku	6921168500970	1	2	1536743927	0	1536743930	0	((4119, 16L), (4120, 16L), (4121, 6L))
3g_e2_2sku	6921168500970	1	1	1536743933	0	1536743936	0	((4119, 16L), (4120, 16L), (4121, 15L))
3g_e2_2sku	6921168500970	1	2	1536743937	0	1536743940	0	((4119, 16L), (4120, 16L), (4121, 12L))
