3g_l2_1sku	6920180209601	1	1	1536817511	0	1536817517	0	((4119, 5L), (4120, 5L), (4121, 16L))
3g_l2_1sku	6920180209601	1	2	1536817518	0	1536817520	0	((4119, 1L), (4120, 1L), (4121, 1L))
3g_l2_1sku	6920180209601	1	1	1536817540	0	1536817544	0	((4119, 13L), (4120, 13L), (4121, 13L))
3g_l2_1sku	6920180209601	1	2	1536817546	0	1536817548	0	((4119, 2L),)
3g_l2_1sku	6920180209601	1	1	1536817634	0	1536817639	0	((4119, 16L), (4120, 15L), (4121, 15L))
3g_l2_1sku	6920180209601	1	2	1536817642	0	1536817645	0	((4119, 6L), (4120, 6L), (4121, 6L))
3g_l2_1sku	6920180209601	1	1	1536817653	0	1536817656	0	((4119, 4L), (4120, 5L), (4121, 6L))
3g_l2_1sku	6920180209601	1	2	1536817657	0	1536817660	0	()
3g_l2_1sku	6920180209601	1	1	1536817666	0	1536817669	0	((4119, 2L), (4120, 4L), (4121, 5L))
3g_l2_1sku	6920180209601	1	2	1536817672	0	1536817675	0	((4119, 6L), (4120, 5L), (4121, 6L))
3g_l2_1sku	6920180209601	1	1	1536817723	0	1536817726	0	((4119, 8L), (4120, 8L), (4121, 9L))
3g_l2_1sku	6920180209601	1	2	1536817726	0	1536817729	0	((4119, 10L), (4120, 10L), (4121, 10L))
