3g_c1_1sku	6954767417684	1	1	1536823477	0	1536823480	0	((4119, 16L), (4120, 16L), (4121, 16L))
3g_c1_1sku	6954767417684	1	2	1536823480	0	1536823482	0	((4119, 8L), (4120, 7L), (4121, 8L))
3g_c1_1sku	6954767417684	1	1	1536823485	0	1536823487	0	((4119, 8L), (4120, 8L), (4121, 8L))
3g_c1_1sku	6954767417684	1	2	1536823488	0	1536823490	0	((4119, 8L), (4120, 9L), (4121, 8L))
3g_c1_1sku	6954767417684	1	1	1536823493	0	1536823496	0	((4119, 16L), (4120, 16L), (4121, 16L))
3g_c1_1sku	6954767417684	1	2	1536823497	0	1536823499	0	((4119, 8L), (4120, 8L), (4121, 8L))
3g_c1_1sku	6954767417684	1	1	1536823502	0	1536823505	0	((4119, 16L), (4120, 17L), (4121, 16L))
3g_c1_1sku	6954767417684	1	2	1536823506	0	1536823508	0	((4119, 7L), (4120, 8L), (4121, 8L))
3g_c1_1sku	6954767417684	1	1	1536823511	0	1536823514	0	((4119, 17L), (4120, 16L), (4121, 16L))
3g_c1_1sku	6954767417684	1	2	1536823514	0	1536823517	0	((4119, 16L), (4120, 16L), (4121, 17L))
3g_c1_1sku	6954767417684	1	1	1536823519	0	1536823522	0	((4119, 17L), (4120, 16L), (4121, 16L))
3g_c1_1sku	6954767417684	1	2	1536823522	0	1536823525	0	((4119, 17L), (4120, 16L), (4121, 16L))
3g_c1_1sku	6954767417684	1	1	1536823565	0	1536823569	0	((4119, 25L), (4120, 24L), (4121, 25L))
3g_c1_1sku	6954767417684	1	2	1536823570	0	1536823572	0	((4119, 8L), (4120, 9L), (4121, 8L))
3g_c1_1sku	6954767417684	1	1	1536823575	0	1536823578	0	((4119, 16L), (4120, 16L), (4121, 16L))
3g_c1_1sku	6954767417684	1	2	1536823578	0	1536823581	0	((4119, 16L), (4120, 17L), (4121, 16L))
3g_c1_1sku	6954767417684	1	1	1536823583	0	1536823586	0	((4119, 16L), (4120, 16L), (4121, 16L))
3g_c1_1sku	6954767417684	1	2	1536823586	0	1536823589	0	((4119, 16L), (4120, 17L), (4121, 16L))
3g_c1_1sku	6954767417684	1	1	1536823591	0	1536823594	0	((4119, 17L), (4120, 16L), (4121, 16L))
3g_c1_1sku	6954767417684	1	2	1536823595	0	1536823597	0	((4119, 8L), (4120, 8L), (4121, 7L))
3g_c1_1sku	6954767417684	1	1	1536823600	0	1536823602	0	((4119, 8L), (4120, 8L), (4121, 8L))
3g_c1_1sku	6954767417684	1	2	1536823603	0	1536823605	0	((4119, 8L), (4120, 8L), (4121, 8L))
3g_c1_1sku	6954767417684	1	1	1536823608	0	1536823611	0	((4119, 17L), (4120, 16L), (4121, 16L))
3g_c1_1sku	6954767417684	1	2	1536823611	0	1536823614	0	((4119, 16L), (4120, 16L), (4121, 16L))
3g_c1_1sku	6954767417684	1	1	1536823641	0	1536823644	0	((4119, 16L), (4120, 16L), (4121, 16L))
3g_c1_1sku	6954767417684	1	2	1536823644	0	1536823647	0	((4119, 16L), (4120, 16L), (4121, 16L))
3g_c1_1sku	6954767417684	1	1	1536823649	0	1536823652	0	((4119, 16L), (4120, 16L), (4121, 15L))
3g_c1_1sku	6954767417684	1	2	1536823652	0	1536823655	0	((4119, 16L), (4120, 16L), (4121, 16L))
3g_c1_1sku	6954767417684	1	1	1536823658	0	1536823660	0	((4119, 9L), (4120, 8L), (4121, 8L))
3g_c1_1sku	6954767417684	1	2	1536823661	0	1536823663	0	((4119, 8L), (4120, 7L), (4121, 8L))
3g_c1_1sku	6954767417684	1	1	1536823666	0	1536823669	0	((4119, 16L), (4120, 16L), (4121, 16L))
3g_c1_1sku	6954767417684	1	2	1536823669	0	1536823671	0	((4119, 8L), (4120, 8L), (4121, 8L))
3g_c1_1sku	6954767417684	1	1	1536823675	0	1536823677	0	((4119, 9L), (4120, 8L), (4121, 8L))
3g_c1_1sku	6954767417684	1	2	1536823678	0	1536823680	0	((4119, 8L), (4120, 8L), (4121, 7L))
3g_c1_1sku	6954767417684	1	1	1536823683	0	1536823686	0	((4119, 16L), (4120, 16L), (4121, 16L))
3g_c1_1sku	6954767417684	1	2	1536823686	0	1536823689	0	((4119, 17L), (4120, 15L), (4121, 16L))
