3g_a1_1sku	6920180209601	1	1	1536720824	0	1536720829	0	((4119, 33L), (4120, 32L), (4121, 32L))
3g_a1_1sku	6920180209601	1	2	1536720830	0	1536720833	0	((4119, 16L), (4120, 16L), (4121, 16L))
3g_a1_1sku	6920180209601	1	1	1536720838	0	1536720840	0	((4119, 8L), (4120, 8L), (4121, 8L))
3g_a1_1sku	6920180209601	1	2	1536720841	0	1536720844	0	((4119, 17L), (4120, 16L), (4121, 16L))
3g_a1_1sku	6920180209601	1	1	1536720847	0	1536720849	0	((4119, 8L), (4120, 8L), (4121, 8L))
3g_a1_1sku	6920180209601	1	2	1536720850	0	1536720852	0	((4119, 8L), (4120, 8L), (4121, 8L))
3g_a1_1sku	6920180209601	1	1	1536720900	0	1536720903	0	((4119, 17L), (4120, 16L), (4121, 16L))
3g_a1_1sku	6920180209601	1	2	1536720904	0	1536720907	0	((4119, 17L), (4120, 16L), (4121, 16L))
3g_a1_1sku	6920180209601	1	1	1536720910	0	1536720913	0	((4119, 17L), (4120, 16L), (4121, 16L))
3g_a1_1sku	6920180209601	1	2	1536720914	0	1536720917	0	((4119, 16L), (4120, 16L), (4121, 16L))
3g_a1_1sku	6920180209601	1	1	1536720920	0	1536720922	0	((4119, 8L), (4120, 9L), (4121, 8L))
3g_a1_1sku	6920180209601	1	2	1536720922	0	1536720925	0	((4119, 16L), (4120, 16L), (4121, 16L))
3g_a1_1sku	6920180209601	1	1	1536720959	0	1536720962	0	((4119, 17L), (4120, 16L), (4121, 16L))
3g_a1_1sku	6920180209601	1	2	1536720963	0	1536720966	0	((4119, 16L), (4120, 16L), (4121, 16L))
3g_a1_1sku	6920180209601	1	1	1536720968	0	1536720971	0	((4119, 16L), (4120, 15L), (4121, 16L))
3g_a1_1sku	6920180209601	1	2	1536720971	0	1536720973	0	((4119, 8L), (4120, 8L), (4121, 8L))
3g_a1_1sku	6920180209601	1	1	1536720977	0	1536720980	0	((4119, 16L), (4120, 17L), (4121, 17L))
3g_a1_1sku	6920180209601	1	2	1536720980	0	1536720983	0	((4119, 16L), (4120, 17L), (4121, 17L))
