3g_i1_1sku	6920907805161	1	1	1536645788	0	1536645791	0	((4119, 16L), (4120, 15L), (4121, 16L))
3g_i1_1sku	6920907805161	1	2	1536645792	0	1536645794	0	((4119, 8L), (4120, 8L), (4121, 8L))
3g_i1_1sku	6920907805161	1	1	1536645797	0	1536645799	0	((4119, 8L), (4120, 8L), (4121, 8L))
3g_i1_1sku	6920907805161	1	2	1536645799	0	1536645801	0	((4119, 8L), (4120, 8L), (4121, 8L))
3g_i1_1sku	6920907805161	1	1	1536645803	0	1536645805	0	((4119, 8L), (4121, 1L))
3g_i1_1sku	6920907805161	1	2	1536645805	0	1536645807	0	((4119, 9L), (4120, 10L), (4121, 9L))
3g_i1_1sku	6920907805161	1	1	1536645809	0	1536645811	0	((4119, 8L), (4120, 8L), (4121, 8L))
3g_i1_1sku	6920907805161	1	2	1536645811	0	1536645813	0	((4119, 9L), (4120, 8L), (4121, 14L))
3g_i1_1sku	6920907805161	1	1	1536645816	0	1536645818	0	((4119, 8L), (4120, 9L), (4121, 7L))
3g_i1_1sku	6920907805161	1	2	1536645818	0	1536645820	0	((4119, 8L), (4120, 9L), (4121, 8L))
3g_i1_1sku	6920907805161	1	1	1536645822	0	1536645824	0	((4119, 8L), (4120, 9L), (4121, 8L))
3g_i1_1sku	6920907805161	1	2	1536645824	0	1536645826	0	((4119, 8L), (4120, 8L), (4121, 8L))
3g_i1_1sku	6920907805161	1	1	1536645854	0	1536645856	0	((4119, 8L), (4120, 8L), (4121, 8L))
3g_i1_1sku	6920907805161	1	2	1536645857	0	1536645859	0	((4119, 8L), (4120, 8L), (4121, 8L))
3g_i1_1sku	6920907805161	1	1	1536645861	0	1536645863	0	((4119, 8L), (4120, 8L), (4121, 9L))
3g_i1_1sku	6920907805161	1	2	1536645864	0	1536645866	0	((4119, 8L), (4120, 8L), (4121, 8L))
3g_i1_1sku	6920907805161	1	1	1536645868	0	1536645870	0	((4119, 8L), (4120, 8L), (4121, 8L))
3g_i1_1sku	6920907805161	1	2	1536645870	0	1536645872	0	((4119, 8L), (4120, 8L), (4121, 8L))
3g_i1_1sku	6920907805161	1	1	1536645874	0	1536645876	0	((4119, 8L), (4120, 7L), (4121, 8L))
3g_i1_1sku	6920907805161	1	2	1536645876	0	1536645879	0	((4119, 16L), (4120, 16L), (4121, 16L))
3g_i1_1sku	6920907805161	1	1	1536645881	0	1536645883	0	((4119, 8L), (4120, 8L), (4121, 8L))
3g_i1_1sku	6920907805161	1	2	1536645884	0	1536645886	0	((4119, 8L), (4120, 7L), (4121, 7L))
3g_i1_1sku	6920907805161	1	1	1536645889	0	1536645891	0	((4119, 8L), (4120, 8L), (4121, 8L))
3g_i1_1sku	6920907805161	1	2	1536645891	0	1536645894	0	((4119, 16L), (4120, 16L), (4121, 16L))
3g_i1_1sku	6920907805161	1	1	1536645924	0	1536645926	0	((4119, 8L), (4120, 8L), (4121, 7L))
3g_i1_1sku	6920907805161	1	2	1536645926	0	1536645929	0	((4119, 16L), (4120, 16L), (4121, 16L))
3g_i1_1sku	6920907805161	1	1	1536645936	0	1536645939	0	((4119, 16L), (4120, 16L), (4121, 16L))
3g_i1_1sku	6920907805161	1	2	1536645939	0	1536645942	0	((4119, 17L), (4120, 16L), (4121, 16L))
3g_i1_1sku	6920907805161	1	1	1536645944	0	1536645946	0	((4119, 8L), (4120, 8L), (4121, 8L))
3g_i1_1sku	6920907805161	1	2	1536645946	0	1536645948	0	((4119, 9L), (4120, 8L), (4121, 8L))
3g_i1_1sku	6920907805161	1	1	1536645950	0	1536645952	0	((4119, 8L), (4120, 8L), (4121, 8L))
3g_i1_1sku	6920907805161	1	2	1536645952	0	1536645955	0	((4119, 16L), (4120, 16L), (4121, 16L))
3g_i1_1sku	6920907805161	1	1	1536645957	0	1536645960	0	((4119, 17L), (4120, 16L), (4121, 16L))
3g_i1_1sku	6920907805161	1	2	1536645960	0	1536645962	0	((4119, 8L), (4120, 8L), (4121, 8L))
3g_i1_1sku	6920907805161	1	1	1536645965	0	1536645967	0	((4119, 9L), (4120, 8L), (4121, 8L))
3g_i1_1sku	6920907805161	1	2	1536645967	0	1536645969	0	((4119, 8L), (4120, 8L), (4121, 8L))
