3g_b4_1sku	6920202888883	1	1	1536657639	0	1536657642	0	((4119, 16L), (4120, 16L), (4121, 16L))
3g_b4_1sku	6920202888883	1	2	1536657643	0	1536657645	0	((4119, 8L), (4120, 9L), (4121, 8L))
3g_b4_1sku	6920202888883	1	1	1536657648	0	1536657650	0	((4119, 8L), (4120, 8L), (4121, 7L))
3g_b4_1sku	6920202888883	1	2	1536657651	0	1536657653	0	((4119, 9L), (4120, 8L), (4121, 8L))
3g_b4_1sku	6920202888883	1	1	1536657655	0	1536657657	0	((4119, 8L), (4120, 8L), (4121, 8L))
3g_b4_1sku	6920202888883	1	2	1536657658	0	1536657660	0	((4119, 8L), (4120, 8L), (4121, 8L))
3g_b4_1sku	6920202888883	1	1	1536657662	0	1536657665	0	((4119, 16L), (4120, 17L), (4121, 17L))
3g_b4_1sku	6920202888883	1	2	1536657665	0	1536657667	0	((4119, 8L), (4120, 8L), (4121, 8L))
3g_b4_1sku	6920202888883	1	1	1536657670	0	1536657672	0	((4119, 8L), (4120, 9L), (4121, 8L))
3g_b4_1sku	6920202888883	1	2	1536657672	0	1536657675	0	((4119, 17L), (4120, 16L), (4121, 16L))
3g_b4_1sku	6920202888883	1	1	1536657677	0	1536657680	0	((4119, 16L), (4120, 16L), (4121, 16L))
3g_b4_1sku	6920202888883	1	2	1536657680	0	1536657683	0	((4119, 16L), (4120, 16L), (4121, 16L))
3g_b4_1sku	6920202888883	1	1	1536657726	0	1536657729	0	((4119, 16L), (4120, 17L), (4121, 16L))
3g_b4_1sku	6920202888883	1	2	1536657729	0	1536657732	0	((4119, 16L), (4120, 16L), (4121, 16L))
3g_b4_1sku	6920202888883	1	1	1536657734	0	1536657736	0	((4119, 8L), (4120, 8L), (4121, 8L))
3g_b4_1sku	6920202888883	1	2	1536657737	0	1536657739	0	((4119, 8L), (4120, 9L), (4121, 8L))
3g_b4_1sku	6920202888883	1	1	1536657741	0	1536657744	0	((4119, 17L), (4120, 16L), (4121, 16L))
3g_b4_1sku	6920202888883	1	2	1536657744	0	1536657747	0	((4119, 17L), (4120, 17L), (4121, 16L))
3g_b4_1sku	6920202888883	1	1	1536657749	0	1536657753	0	((4119, 25L), (4120, 24L), (4121, 24L))
3g_b4_1sku	6920202888883	1	2	1536657753	0	1536657755	0	((4119, 9L), (4120, 8L), (4121, 8L))
3g_b4_1sku	6920202888883	1	1	1536657758	0	1536657761	0	((4119, 16L), (4120, 16L), (4121, 16L))
3g_b4_1sku	6920202888883	1	2	1536657762	0	1536657765	0	((4119, 16L), (4120, 17L), (4121, 16L))
3g_b4_1sku	6920202888883	1	1	1536657776	0	1536657779	0	((4119, 16L), (4120, 16L), (4121, 16L))
3g_b4_1sku	6920202888883	1	2	1536657779	0	1536657782	0	((4119, 16L), (4120, 17L), (4121, 16L))
3g_b4_1sku	6920202888883	1	1	1536657815	0	1536657817	0	((4119, 8L), (4120, 8L), (4121, 9L))
3g_b4_1sku	6920202888883	1	2	1536657818	0	1536657820	0	((4119, 8L), (4120, 8L), (4121, 8L))
3g_b4_1sku	6920202888883	1	1	1536657825	0	1536657828	0	((4119, 16L), (4120, 16L), (4121, 16L))
3g_b4_1sku	6920202888883	1	2	1536657829	0	1536657831	0	((4119, 9L), (4120, 8L), (4121, 8L))
3g_b4_1sku	6920202888883	1	1	1536657834	0	1536657838	0	((4119, 24L), (4120, 24L), (4121, 24L))
3g_b4_1sku	6920202888883	1	2	1536657843	0	1536657845	0	((4119, 8L), (4120, 8L), (4121, 8L))
3g_b4_1sku	6920202888883	1	1	1536657848	0	1536657850	0	((4119, 8L), (4120, 8L), (4121, 9L))
3g_b4_1sku	6920202888883	1	2	1536657851	0	1536657853	0	((4119, 9L), (4120, 8L), (4121, 8L))
3g_b4_1sku	6920202888883	1	1	1536657855	0	1536657858	0	((4119, 16L), (4120, 17L), (4121, 16L))
3g_b4_1sku	6920202888883	1	2	1536657858	0	1536657860	0	((4119, 8L), (4120, 8L), (4121, 8L))
3g_b4_1sku	6920202888883	1	1	1536657863	0	1536657866	0	((4119, 16L), (4120, 16L), (4121, 16L))
3g_b4_1sku	6920202888883	1	2	1536657866	0	1536657869	0	((4119, 16L), (4120, 16L), (4121, 17L))
