3g_f3_1sku	6957735788861	1	1	1536829782	0	1536829784	0	((4119, 8L), (4120, 8L), (4121, 8L))
3g_f3_1sku	6957735788861	1	2	1536829785	0	1536829788	0	((4119, 16L), (4120, 16L), (4121, 16L))
3g_f3_1sku	6957735788861	1	1	1536829791	0	1536829793	0	((4119, 9L), (4120, 8L), (4121, 8L))
3g_f3_1sku	6957735788861	1	2	1536829794	0	1536829796	0	((4119, 9L), (4120, 8L), (4121, 9L))
3g_f3_1sku	6957735788861	1	1	1536829799	0	1536829801	0	((4119, 9L), (4120, 8L), (4121, 8L))
3g_f3_1sku	6957735788861	1	2	1536829802	0	1536829804	0	((4119, 8L), (4120, 8L), (4121, 8L))
3g_f3_1sku	6957735788861	1	1	1536829807	0	1536829810	0	((4119, 17L), (4120, 17L), (4121, 16L))
3g_f3_1sku	6957735788861	1	2	1536829810	0	1536829813	0	((4119, 17L), (4120, 17L), (4121, 16L))
3g_f3_1sku	6957735788861	1	1	1536829816	0	1536829818	0	((4119, 9L), (4120, 9L), (4121, 8L))
3g_f3_1sku	6957735788861	1	2	1536829819	0	1536829821	0	((4119, 8L), (4120, 8L), (4121, 8L))
3g_f3_1sku	6957735788861	1	1	1536829825	0	1536829828	0	((4119, 17L), (4120, 16L), (4121, 16L))
3g_f3_1sku	6957735788861	1	2	1536829829	0	1536829831	0	((4119, 8L), (4120, 8L), (4121, 8L))
3g_f3_1sku	6957735788861	1	1	1536829875	0	1536829879	0	((4119, 25L), (4120, 24L), (4121, 24L))
3g_f3_1sku	6957735788861	1	2	1536829879	0	1536829882	0	((4119, 16L), (4120, 16L), (4121, 16L))
3g_f3_1sku	6957735788861	1	1	1536829885	0	1536829887	0	((4119, 9L), (4120, 9L), (4121, 8L))
3g_f3_1sku	6957735788861	1	2	1536829888	0	1536829890	0	((4119, 8L), (4120, 8L), (4121, 8L))
3g_f3_1sku	6957735788861	1	1	1536829892	0	1536829894	0	((4119, 9L), (4120, 9L), (4121, 8L))
3g_f3_1sku	6957735788861	1	2	1536829895	0	1536829897	0	((4119, 8L), (4120, 8L), (4121, 8L))
3g_f3_1sku	6957735788861	1	1	1536829900	0	1536829902	0	((4119, 8L), (4120, 8L), (4121, 8L))
3g_f3_1sku	6957735788861	1	2	1536829903	0	1536829905	0	((4119, 8L), (4120, 8L), (4121, 8L))
3g_f3_1sku	6957735788861	1	1	1536829908	0	1536829910	0	((4119, 8L), (4120, 8L), (4121, 8L))
3g_f3_1sku	6957735788861	1	2	1536829911	0	1536829918	0	((4119, 48L), (4120, 49L), (4121, 49L))
3g_f3_1sku	6957735788861	1	1	1536829922	0	1536829925	0	((4119, 16L), (4120, 17L), (4121, 16L))
3g_f3_1sku	6957735788861	1	2	1536829925	0	1536829928	0	((4119, 16L), (4120, 16L), (4121, 16L))
3g_f3_1sku	6957735788861	1	1	1536829961	0	1536829964	0	((4119, 17L), (4120, 16L), (4121, 16L))
3g_f3_1sku	6957735788861	1	2	1536829964	0	1536829967	0	((4119, 16L), (4120, 16L), (4121, 17L))
3g_f3_1sku	6957735788861	1	1	1536829970	0	1536829972	0	((4119, 7L), (4120, 8L), (4121, 8L))
3g_f3_1sku	6957735788861	1	2	1536829973	0	1536829975	0	((4119, 8L), (4120, 8L), (4121, 8L))
3g_f3_1sku	6957735788861	1	1	1536829977	0	1536829980	0	((4119, 17L), (4120, 17L), (4121, 16L))
3g_f3_1sku	6957735788861	1	2	1536829980	0	1536829982	0	((4119, 8L), (4120, 8L), (4121, 9L))
3g_f3_1sku	6957735788861	1	1	1536829985	0	1536829987	0	((4119, 8L), (4120, 8L), (4121, 9L))
3g_f3_1sku	6957735788861	1	2	1536829988	0	1536829990	0	((4119, 8L), (4120, 8L), (4121, 8L))
3g_f3_1sku	6957735788861	1	1	1536829992	0	1536829995	0	((4119, 16L), (4120, 17L), (4121, 16L))
3g_f3_1sku	6957735788861	1	2	1536829996	0	1536829998	0	((4119, 8L), (4120, 8L), (4121, 8L))
3g_f3_1sku	6957735788861	1	1	1536830001	0	1536830003	0	((4119, 9L), (4120, 9L), (4121, 8L))
3g_f3_1sku	6957735788861	1	2	1536830004	0	1536830006	0	((4119, 8L), (4120, 8L), (4121, 8L))
