3g_j1_1sku	6911988011992	1	1	1536646640	0	1536646643	0	((4119, 16L), (4120, 16L), (4121, 16L))
3g_j1_1sku	6911988011992	1	2	1536646643	0	1536646646	0	((4119, 17L), (4120, 16L), (4121, 16L))
3g_j1_1sku	6911988011992	1	1	1536646648	0	1536646650	0	((4119, 8L), (4120, 8L), (4121, 8L))
3g_j1_1sku	6911988011992	1	2	1536646650	0	1536646652	0	((4119, 9L), (4120, 8L), (4121, 8L))
3g_j1_1sku	6911988011992	1	1	1536646654	0	1536646656	0	((4119, 8L), (4120, 8L), (4121, 8L))
3g_j1_1sku	6911988011992	1	2	1536646656	0	1536646658	0	((4119, 8L), (4120, 8L), (4121, 8L))
3g_j1_1sku	6911988011992	1	1	1536646660	0	1536646662	0	((4119, 8L), (4120, 9L), (4121, 8L))
3g_j1_1sku	6911988011992	1	2	1536646662	0	1536646664	0	((4119, 8L), (4120, 8L), (4121, 8L))
3g_j1_1sku	6911988011992	1	1	1536646666	0	1536646668	0	((4119, 8L), (4120, 8L), (4121, 8L))
3g_j1_1sku	6911988011992	1	2	1536646668	0	1536646670	0	((4119, 8L), (4120, 8L), (4121, 8L))
3g_j1_1sku	6911988011992	1	1	1536646672	0	1536646674	0	((4119, 8L), (4120, 8L), (4121, 8L))
3g_j1_1sku	6911988011992	1	2	1536646674	0	1536646676	0	((4119, 8L), (4120, 7L), (4121, 8L))
3g_j1_1sku	6911988011992	1	1	1536646735	0	1536646738	0	((4119, 16L), (4120, 16L), (4121, 16L))
3g_j1_1sku	6911988011992	1	2	1536646738	0	1536646740	0	((4119, 7L), (4120, 9L), (4121, 8L))
3g_j1_1sku	6911988011992	1	1	1536646742	0	1536646744	0	((4119, 8L), (4120, 8L), (4121, 8L))
3g_j1_1sku	6911988011992	1	2	1536646744	0	1536646746	0	((4119, 8L), (4120, 8L), (4121, 9L))
3g_j1_1sku	6911988011992	1	1	1536646748	0	1536646750	0	((4119, 8L), (4120, 8L), (4121, 8L))
3g_j1_1sku	6911988011992	1	2	1536646750	0	1536646753	0	((4119, 16L), (4120, 16L), (4121, 16L))
3g_j1_1sku	6911988011992	1	1	1536646755	0	1536646758	0	((4119, 16L), (4120, 17L), (4121, 16L))
3g_j1_1sku	6911988011992	1	2	1536646758	0	1536646760	0	((4119, 8L), (4120, 8L), (4121, 8L))
3g_j1_1sku	6911988011992	1	1	1536646763	0	1536646766	0	((4119, 17L), (4120, 16L), (4121, 16L))
3g_j1_1sku	6911988011992	1	2	1536646766	0	1536646768	0	((4119, 9L), (4120, 8L), (4121, 9L))
3g_j1_1sku	6911988011992	1	1	1536646771	0	1536646774	0	((4119, 16L), (4120, 17L), (4121, 16L))
3g_j1_1sku	6911988011992	1	2	1536646774	0	1536646777	0	((4119, 16L), (4120, 16L), (4121, 16L))
3g_j1_1sku	6911988011992	1	1	1536646800	0	1536646803	0	((4119, 16L), (4120, 17L), (4121, 16L))
3g_j1_1sku	6911988011992	1	2	1536646803	0	1536646805	0	((4119, 8L), (4120, 8L), (4121, 7L))
3g_j1_1sku	6911988011992	1	1	1536646808	0	1536646810	0	((4119, 8L), (4120, 8L), (4121, 8L))
3g_j1_1sku	6911988011992	1	2	1536646810	0	1536646812	0	((4119, 9L), (4120, 9L), (4121, 8L))
3g_j1_1sku	6911988011992	1	1	1536646816	0	1536646818	0	((4119, 8L), (4120, 9L), (4121, 9L))
3g_j1_1sku	6911988011992	1	2	1536646819	0	1536646822	0	((4119, 17L), (4120, 16L), (4121, 17L))
3g_j1_1sku	6911988011992	1	1	1536646825	0	1536646827	0	((4119, 8L), (4120, 9L), (4121, 8L))
3g_j1_1sku	6911988011992	1	2	1536646827	0	1536646830	0	((4119, 15L), (4120, 16L), (4121, 16L))
3g_j1_1sku	6911988011992	1	1	1536646834	0	1536646837	0	((4119, 16L), (4120, 16L), (4121, 16L))
3g_j1_1sku	6911988011992	1	2	1536646837	0	1536646839	0	((4119, 8L), (4120, 9L), (4121, 8L))
3g_j1_1sku	6911988011992	1	1	1536646842	0	1536646845	0	((4119, 16L), (4120, 16L), (4121, 16L))
3g_j1_1sku	6911988011992	1	2	1536646845	0	1536646847	0	((4119, 8L), (4120, 7L), (4121, 8L))
