3g_j2_1sku	6911988014276	1	1	1536646934	0	1536646936	0	((4119, 8L), (4120, 8L), (4121, 8L))
3g_j2_1sku	6911988014276	1	2	1536646937	0	1536646939	0	((4119, 8L), (4120, 8L), (4121, 8L))
3g_j2_1sku	6911988014276	1	1	1536646941	0	1536646943	0	((4119, 7L), (4120, 8L), (4121, 8L))
3g_j2_1sku	6911988014276	1	2	1536646943	0	1536646945	0	((4119, 8L), (4120, 8L), (4121, 8L))
3g_j2_1sku	6911988014276	1	1	1536646947	0	1536646949	0	((4119, 8L), (4120, 8L), (4121, 8L))
3g_j2_1sku	6911988014276	1	2	1536646950	0	1536646952	0	((4119, 9L), (4120, 8L), (4121, 8L))
3g_j2_1sku	6911988014276	1	1	1536646954	0	1536646956	0	((4119, 8L), (4120, 7L), (4121, 8L))
3g_j2_1sku	6911988014276	1	2	1536646956	0	1536646958	0	((4119, 9L), (4120, 9L), (4121, 8L))
3g_j2_1sku	6911988014276	1	1	1536646961	0	1536646963	0	((4119, 8L), (4120, 8L), (4121, 8L))
3g_j2_1sku	6911988014276	1	2	1536646963	0	1536646965	0	((4119, 8L), (4120, 8L), (4121, 7L))
3g_j2_1sku	6911988014276	1	1	1536646968	0	1536646970	0	((4119, 9L), (4120, 8L), (4121, 8L))
3g_j2_1sku	6911988014276	1	2	1536646970	0	1536646973	0	((4119, 16L), (4120, 17L), (4121, 16L))
3g_j2_1sku	6911988014276	1	1	1536647015	0	1536647017	0	((4119, 8L), (4120, 8L), (4121, 8L))
3g_j2_1sku	6911988014276	1	2	1536647017	0	1536647019	0	((4119, 8L), (4120, 8L), (4121, 8L))
3g_j2_1sku	6911988014276	1	1	1536647022	0	1536647025	0	((4119, 17L), (4120, 17L), (4121, 16L))
3g_j2_1sku	6911988014276	1	2	1536647029	0	1536647031	0	((4119, 9L), (4120, 8L), (4121, 9L))
3g_j2_1sku	6911988014276	1	1	1536647034	0	1536647036	0	((4119, 8L), (4120, 8L), (4121, 9L))
3g_j2_1sku	6911988014276	1	2	1536647036	0	1536647038	0	((4119, 8L), (4120, 8L), (4121, 8L))
3g_j2_1sku	6911988014276	1	1	1536647040	0	1536647042	0	((4119, 8L), (4120, 8L), (4121, 8L))
3g_j2_1sku	6911988014276	1	2	1536647043	0	1536647045	0	((4119, 7L), (4120, 8L), (4121, 8L))
3g_j2_1sku	6911988014276	1	1	1536647047	0	1536647050	0	((4119, 16L), (4120, 15L), (4121, 16L))
3g_j2_1sku	6911988014276	1	2	1536647050	0	1536647053	0	((4119, 16L), (4120, 16L), (4121, 16L))
3g_j2_1sku	6911988014276	1	1	1536647057	0	1536647059	0	((4119, 8L), (4120, 8L), (4121, 8L))
3g_j2_1sku	6911988014276	1	2	1536647059	0	1536647061	0	((4119, 4L), (4120, 8L), (4121, 8L))
3g_j2_1sku	6911988014276	1	1	1536647090	0	1536647093	0	((4119, 16L), (4120, 16L), (4121, 16L))
3g_j2_1sku	6911988014276	1	2	1536647093	0	1536647096	0	((4119, 16L), (4120, 15L), (4121, 16L))
3g_j2_1sku	6911988014276	1	1	1536647099	0	1536647101	0	((4119, 8L), (4120, 8L), (4121, 7L))
3g_j2_1sku	6911988014276	1	2	1536647102	0	1536647104	0	((4119, 8L), (4120, 8L), (4121, 8L))
3g_j2_1sku	6911988014276	1	1	1536647108	0	1536647110	0	((4119, 8L), (4120, 9L), (4121, 8L))
3g_j2_1sku	6911988014276	1	2	1536647110	0	1536647113	0	((4119, 16L), (4120, 17L), (4121, 16L))
3g_j2_1sku	6911988014276	1	1	1536647116	0	1536647118	0	((4119, 8L), (4120, 9L), (4121, 8L))
3g_j2_1sku	6911988014276	1	2	1536647118	0	1536647120	0	((4119, 8L), (4120, 9L), (4121, 7L))
3g_j2_1sku	6911988014276	1	1	1536647123	0	1536647126	0	((4119, 17L), (4120, 16L), (4121, 15L))
3g_j2_1sku	6911988014276	1	2	1536647126	0	1536647128	0	((4119, 8L), (4120, 8L), (4121, 9L))
3g_j2_1sku	6911988014276	1	1	1536647131	0	1536647133	0	((4119, 8L), (4120, 9L), (4121, 8L))
3g_j2_1sku	6911988014276	1	2	1536647133	0	1536647135	0	((4119, 8L), (4120, 8L), (4121, 8L))
