3g_b2_1sku	6934024590268	1	1	1536656633	0	1536656636	0	((4119, 17L), (4120, 16L), (4121, 16L))
3g_b2_1sku	6934024590268	1	2	1536656636	0	1536656639	0	((4119, 16L), (4120, 16L), (4121, 16L))
3g_b2_1sku	6934024590268	1	1	1536656642	0	1536656644	0	((4119, 8L), (4120, 8L), (4121, 8L))
3g_b2_1sku	6934024590268	1	2	1536656645	0	1536656647	0	((4119, 8L), (4120, 8L), (4121, 8L))
3g_b2_1sku	6934024590268	1	1	1536656650	0	1536656652	0	((4119, 7L), (4120, 8L), (4121, 9L))
3g_b2_1sku	6934024590268	1	2	1536656653	0	1536656655	0	((4119, 8L), (4120, 9L), (4121, 8L))
3g_b2_1sku	6934024590268	1	1	1536656658	0	1536656660	0	((4119, 9L), (4120, 8L), (4121, 8L))
3g_b2_1sku	6934024590268	1	2	1536656660	0	1536656663	0	((4119, 16L), (4120, 16L), (4121, 16L))
3g_b2_1sku	6934024590268	1	1	1536656666	0	1536656668	0	((4119, 9L), (4120, 8L), (4121, 8L))
3g_b2_1sku	6934024590268	1	2	1536656668	0	1536656671	0	((4119, 16L), (4120, 17L), (4121, 16L))
3g_b2_1sku	6934024590268	1	1	1536656674	0	1536656676	0	((4119, 8L), (4120, 8L), (4121, 8L))
3g_b2_1sku	6934024590268	1	2	1536656676	0	1536656679	0	((4119, 16L), (4120, 17L), (4121, 16L))
3g_b2_1sku	6934024590268	1	1	1536656940	0	1536656942	0	((4119, 8L), (4120, 8L), (4121, 8L))
3g_b2_1sku	6934024590268	1	2	1536656942	0	1536656945	0	((4119, 16L), (4120, 17L), (4121, 17L))
3g_b2_1sku	6934024590268	1	1	1536656948	0	1536656950	0	((4119, 9L), (4120, 8L), (4121, 8L))
3g_b2_1sku	6934024590268	1	2	1536656950	0	1536656953	0	((4119, 16L), (4120, 16L), (4121, 16L))
3g_b2_1sku	6934024590268	1	1	1536656957	0	1536656959	0	((4119, 8L), (4120, 8L), (4121, 8L))
3g_b2_1sku	6934024590268	1	2	1536656960	0	1536656963	0	((4119, 16L), (4120, 16L), (4121, 16L))
3g_b2_1sku	6934024590268	1	1	1536656966	0	1536656968	0	((4119, 7L), (4120, 8L), (4121, 8L))
3g_b2_1sku	6934024590268	1	2	1536656969	0	1536656971	0	((4119, 8L), (4120, 8L), (4121, 8L))
3g_b2_1sku	6934024590268	1	1	1536656976	0	1536656978	0	((4119, 8L), (4120, 8L), (4121, 8L))
3g_b2_1sku	6934024590268	1	2	1536656978	0	1536656982	0	((4119, 24L), (4120, 24L), (4121, 25L))
3g_b2_1sku	6934024590268	1	1	1536656988	0	1536656990	0	((4119, 8L), (4120, 8L), (4121, 8L))
3g_b2_1sku	6934024590268	1	2	1536656990	0	1536656993	0	((4119, 17L), (4120, 16L), (4121, 16L))
3g_b2_1sku	6934024590268	1	1	1536657062	0	1536657064	0	((4119, 8L), (4120, 7L), (4121, 8L))
3g_b2_1sku	6934024590268	1	2	1536657065	0	1536657068	0	((4119, 17L), (4120, 16L), (4121, 16L))
3g_b2_1sku	6934024590268	1	1	1536657072	0	1536657074	0	((4119, 8L), (4120, 8L), (4121, 9L))
3g_b2_1sku	6934024590268	1	2	1536657074	0	1536657077	0	((4119, 16L), (4120, 16L), (4121, 17L))
3g_b2_1sku	6934024590268	1	1	1536657083	0	1536657084	0	()
3g_b2_1sku	6934024590268	1	2	1536657085	0	1536657086	0	()
3g_b2_1sku	6934024590268	1	1	1536657091	0	1536657093	0	((4119, 8L), (4120, 9L), (4121, 8L))
3g_b2_1sku	6934024590268	1	2	1536657093	0	1536657095	0	((4119, 8L), (4120, 8L), (4121, 8L))
3g_b2_1sku	6934024590268	1	1	1536657104	0	1536657106	0	((4119, 8L), (4120, 8L), (4121, 9L))
3g_b2_1sku	6934024590268	1	2	1536657106	0	1536657109	0	((4119, 16L), (4120, 16L), (4121, 17L))
3g_b2_1sku	6934024590268	1	1	1536657117	0	1536657119	0	((4119, 9L), (4120, 8L), (4121, 8L))
3g_b2_1sku	6934024590268	1	2	1536657119	0	1536657122	0	((4119, 16L), (4120, 16L), (4121, 17L))
