3g_k1_1sku	6901721496698	1	1	1536647853	0	1536647855	0	((4119, 9L), (4120, 8L), (4121, 8L))
3g_k1_1sku	6901721496698	1	2	1536647856	0	1536647858	0	((4119, 8L), (4120, 8L), (4121, 8L))
3g_k1_1sku	6901721496698	1	1	1536647861	0	1536647863	0	((4119, 8L), (4120, 8L), (4121, 8L))
3g_k1_1sku	6901721496698	1	2	1536647863	0	1536647865	0	((4119, 8L), (4120, 9L), (4121, 9L))
3g_k1_1sku	6901721496698	1	1	1536647868	0	1536647870	0	((4119, 8L), (4120, 8L), (4121, 8L))
3g_k1_1sku	6901721496698	1	2	1536647871	0	1536647873	0	((4119, 8L), (4120, 8L), (4121, 8L))
3g_k1_1sku	6901721496698	1	1	1536647876	0	1536647878	0	((4119, 8L), (4120, 8L), (4121, 8L))
3g_k1_1sku	6901721496698	1	2	1536647878	0	1536647880	0	((4119, 8L), (4120, 8L), (4121, 8L))
3g_k1_1sku	6901721496698	1	1	1536647883	0	1536647885	0	((4119, 9L), (4120, 9L), (4121, 8L))
3g_k1_1sku	6901721496698	1	2	1536647885	0	1536647887	0	((4119, 9L), (4120, 7L), (4121, 9L))
3g_k1_1sku	6901721496698	1	1	1536647890	0	1536647893	0	((4119, 17L), (4120, 16L), (4121, 16L))
3g_k1_1sku	6901721496698	1	2	1536647893	0	1536647896	0	((4119, 16L), (4120, 16L), (4121, 17L))
3g_k1_1sku	6901721496698	1	1	1536647957	0	1536647961	0	((4119, 25L), (4120, 25L), (4121, 25L))
3g_k1_1sku	6901721496698	1	2	1536647961	0	1536647963	0	((4119, 8L), (4120, 8L), (4121, 8L))
3g_k1_1sku	6901721496698	1	1	1536647965	0	1536647967	0	((4119, 8L), (4120, 9L), (4121, 8L))
3g_k1_1sku	6901721496698	1	2	1536647967	0	1536647969	0	((4119, 8L), (4120, 9L), (4121, 8L))
3g_k1_1sku	6901721496698	1	1	1536647971	0	1536647973	0	((4119, 8L), (4120, 8L), (4121, 8L))
3g_k1_1sku	6901721496698	1	2	1536647973	0	1536647975	0	((4119, 8L), (4120, 9L), (4121, 8L))
3g_k1_1sku	6901721496698	1	1	1536647977	0	1536647979	0	((4119, 8L), (4120, 8L), (4121, 8L))
3g_k1_1sku	6901721496698	1	2	1536647980	0	1536647982	0	((4119, 8L), (4120, 8L), (4121, 8L))
3g_k1_1sku	6901721496698	1	1	1536647984	0	1536647987	0	((4119, 16L), (4120, 16L), (4121, 15L))
3g_k1_1sku	6901721496698	1	2	1536647987	0	1536647989	0	((4119, 8L), (4120, 8L), (4121, 9L))
3g_k1_1sku	6901721496698	1	1	1536647991	0	1536647994	0	((4119, 16L), (4120, 16L), (4121, 16L))
3g_k1_1sku	6901721496698	1	2	1536647994	0	1536647996	0	((4119, 8L), (4120, 9L), (4121, 8L))
3g_k1_1sku	6901721496698	1	1	1536648019	0	1536648021	0	((4119, 8L), (4120, 8L), (4121, 7L))
3g_k1_1sku	6901721496698	1	2	1536648021	0	1536648024	0	((4119, 16L), (4120, 17L), (4121, 15L))
3g_k1_1sku	6901721496698	1	1	1536648026	0	1536648029	0	((4119, 16L), (4120, 16L), (4121, 16L))
3g_k1_1sku	6901721496698	1	2	1536648029	0	1536648031	0	((4119, 8L), (4120, 8L), (4121, 9L))
3g_k1_1sku	6901721496698	1	1	1536648034	0	1536648036	0	((4119, 8L), (4120, 8L), (4121, 8L))
3g_k1_1sku	6901721496698	1	2	1536648037	0	1536648039	0	((4119, 8L), (4120, 8L), (4121, 8L))
3g_k1_1sku	6901721496698	1	1	1536648042	0	1536648045	0	((4119, 16L), (4120, 16L), (4121, 16L))
3g_k1_1sku	6901721496698	1	2	1536648045	0	1536648047	0	((4119, 7L), (4120, 8L), (4121, 8L))
3g_k1_1sku	6901721496698	1	1	1536648050	0	1536648052	0	((4119, 8L), (4120, 8L), (4121, 8L))
3g_k1_1sku	6901721496698	1	2	1536648053	0	1536648055	0	((4119, 9L), (4120, 8L), (4121, 8L))
3g_k1_1sku	6901721496698	1	1	1536648059	0	1536648061	0	((4119, 8L), (4120, 8L), (4121, 8L))
3g_k1_1sku	6901721496698	1	2	1536648062	0	1536648064	0	((4119, 8L), (4120, 8L), (4121, 8L))
