3g_d1_1sku	6956416205147	1	1	1536660452	0	1536660454	0	((4119, 9L), (4120, 9L), (4121, 8L))
3g_d1_1sku	6956416205147	1	2	1536660455	0	1536660457	0	((4119, 8L), (4120, 8L), (4121, 8L))
3g_d1_1sku	6956416205147	1	1	1536660461	0	1536660463	0	((4119, 8L), (4120, 8L), (4121, 8L))
3g_d1_1sku	6956416205147	1	2	1536660463	0	1536660465	0	((4119, 8L), (4120, 9L), (4121, 9L))
3g_d1_1sku	6956416205147	1	1	1536660471	0	1536660472	0	()
3g_d1_1sku	6956416205147	1	2	1536660473	0	1536660476	0	((4119, 17L), (4120, 16L), (4121, 16L))
3g_d1_1sku	6956416205147	1	1	1536660479	0	1536660483	0	((4119, 24L), (4120, 24L), (4121, 25L))
3g_d1_1sku	6956416205147	1	2	1536660485	0	1536660487	0	((4119, 8L), (4120, 8L), (4121, 8L))
3g_d1_1sku	6956416205147	1	1	1536660490	0	1536660492	0	((4119, 8L), (4120, 8L), (4121, 8L))
3g_d1_1sku	6956416205147	1	2	1536660492	0	1536660495	0	((4119, 16L), (4120, 16L), (4121, 16L))
3g_d1_1sku	6956416205147	1	1	1536660499	0	1536660501	0	((4119, 9L), (4120, 8L), (4121, 8L))
3g_d1_1sku	6956416205147	1	2	1536660501	0	1536660504	0	((4119, 16L), (4120, 16L), (4121, 17L))
3g_d1_1sku	6956416205147	1	1	1536660544	0	1536660547	0	((4119, 17L), (4120, 16L), (4121, 16L))
3g_d1_1sku	6956416205147	1	2	1536660547	0	1536660550	0	((4119, 17L), (4120, 17L), (4121, 16L))
3g_d1_1sku	6956416205147	1	1	1536660553	0	1536660555	0	((4119, 9L), (4120, 8L), (4121, 8L))
3g_d1_1sku	6956416205147	1	2	1536660555	0	1536660558	0	((4119, 16L), (4120, 17L), (4121, 17L))
3g_d1_1sku	6956416205147	1	1	1536660563	0	1536660565	0	((4119, 9L), (4120, 8L), (4121, 8L))
3g_d1_1sku	6956416205147	1	2	1536660565	0	1536660567	0	((4119, 9L), (4120, 8L), (4121, 8L))
3g_d1_1sku	6956416205147	1	1	1536660570	0	1536660573	0	((4119, 16L), (4120, 16L), (4121, 17L))
3g_d1_1sku	6956416205147	1	2	1536660573	0	1536660576	0	((4119, 16L), (4120, 16L), (4121, 17L))
3g_d1_1sku	6956416205147	1	1	1536660579	0	1536660582	0	((4119, 17L), (4120, 17L), (4121, 16L))
3g_d1_1sku	6956416205147	1	2	1536660582	0	1536660585	0	((4119, 16L), (4120, 16L), (4121, 16L))
3g_d1_1sku	6956416205147	1	1	1536660588	0	1536660591	0	((4119, 16L), (4120, 16L), (4121, 17L))
3g_d1_1sku	6956416205147	1	2	1536660592	0	1536660594	0	((4119, 8L), (4120, 8L), (4121, 9L))
3g_d1_1sku	6956416205147	1	1	1536660611	0	1536660614	0	((4119, 16L), (4120, 16L), (4121, 16L))
3g_d1_1sku	6956416205147	1	2	1536660614	0	1536660616	0	((4119, 8L), (4120, 8L), (4121, 8L))
3g_d1_1sku	6956416205147	1	1	1536660619	0	1536660621	0	((4119, 8L), (4120, 8L), (4121, 8L))
3g_d1_1sku	6956416205147	1	2	1536660621	0	1536660624	0	((4119, 16L), (4120, 16L), (4121, 16L))
3g_d1_1sku	6956416205147	1	1	1536660626	0	1536660628	0	((4119, 9L), (4120, 8L), (4121, 8L))
3g_d1_1sku	6956416205147	1	2	1536660628	0	1536660630	0	((4119, 8L), (4120, 8L), (4121, 9L))
3g_d1_1sku	6956416205147	1	1	1536660633	0	1536660635	0	((4119, 9L), (4120, 8L), (4121, 9L))
3g_d1_1sku	6956416205147	1	2	1536660635	0	1536660637	0	((4119, 9L), (4120, 8L), (4121, 9L))
3g_d1_1sku	6956416205147	1	1	1536660639	0	1536660642	0	((4119, 16L), (4120, 16L), (4121, 16L))
3g_d1_1sku	6956416205147	1	2	1536660642	0	1536660644	0	((4119, 8L), (4120, 8L), (4121, 8L))
3g_d1_1sku	6956416205147	1	1	1536660647	0	1536660649	0	((4119, 8L), (4120, 8L), (4121, 9L))
3g_d1_1sku	6956416205147	1	2	1536660649	0	1536660652	0	((4119, 17L), (4120, 16L), (4121, 15L))
