3g_i2_1sku	6940477401686	1	1	1536646050	0	1536646053	0	((4119, 16L), (4120, 16L), (4121, 16L))
3g_i2_1sku	6940477401686	1	2	1536646053	0	1536646056	0	((4119, 16L), (4120, 17L), (4121, 17L))
3g_i2_1sku	6940477401686	1	1	1536646059	0	1536646061	0	((4119, 8L), (4120, 8L), (4121, 8L))
3g_i2_1sku	6940477401686	1	2	1536646062	0	1536646066	0	((4119, 25L), (4120, 24L), (4121, 24L))
3g_i2_1sku	6940477401686	1	1	1536646068	0	1536646070	0	((4119, 8L), (4120, 8L), (4121, 8L))
3g_i2_1sku	6940477401686	1	2	1536646071	0	1536646074	0	((4119, 16L), (4120, 17L), (4121, 17L))
3g_i2_1sku	6940477401686	1	1	1536646078	0	1536646081	0	((4119, 17L), (4120, 17L), (4121, 16L))
3g_i2_1sku	6940477401686	1	2	1536646081	0	1536646084	0	((4119, 16L), (4120, 17L), (4121, 16L))
3g_i2_1sku	6940477401686	1	1	1536646087	0	1536646089	0	((4119, 8L), (4120, 8L), (4121, 8L))
3g_i2_1sku	6940477401686	1	2	1536646089	0	1536646093	0	((4119, 24L), (4120, 24L), (4121, 25L))
3g_i2_1sku	6940477401686	1	1	1536646101	0	1536646103	0	((4119, 9L), (4120, 8L), (4121, 7L))
3g_i2_1sku	6940477401686	1	2	1536646103	0	1536646107	0	((4119, 24L), (4120, 25L), (4121, 24L))
3g_i2_1sku	6940477401686	1	1	1536646144	0	1536646147	0	((4119, 17L), (4120, 16L), (4121, 16L))
3g_i2_1sku	6940477401686	1	2	1536646147	0	1536646150	0	((4119, 16L), (4120, 17L), (4121, 16L))
3g_i2_1sku	6940477401686	1	1	1536646152	0	1536646154	0	((4119, 8L), (4120, 8L), (4121, 8L))
3g_i2_1sku	6940477401686	1	2	1536646155	0	1536646158	0	((4119, 16L), (4120, 16L), (4121, 16L))
3g_i2_1sku	6940477401686	1	1	1536646161	0	1536646163	0	((4119, 8L), (4120, 8L), (4121, 8L))
3g_i2_1sku	6940477401686	1	2	1536646163	0	1536646166	0	((4119, 17L), (4120, 17L), (4121, 16L))
3g_i2_1sku	6940477401686	1	1	1536646168	0	1536646170	0	((4119, 8L), (4120, 8L), (4121, 8L))
3g_i2_1sku	6940477401686	1	2	1536646170	0	1536646173	0	((4119, 17L), (4120, 17L), (4121, 16L))
3g_i2_1sku	6940477401686	1	1	1536646176	0	1536646178	0	((4119, 8L), (4120, 8L), (4121, 8L))
3g_i2_1sku	6940477401686	1	2	1536646179	0	1536646181	0	((4119, 8L), (4120, 9L), (4121, 8L))
3g_i2_1sku	6940477401686	1	1	1536646184	0	1536646188	0	((4119, 24L), (4120, 25L), (4121, 24L))
3g_i2_1sku	6940477401686	1	2	1536646188	0	1536646192	0	((4119, 25L), (4120, 24L), (4121, 24L))
3g_i2_1sku	6940477401686	1	1	1536646217	0	1536646221	0	((4119, 24L), (4120, 24L), (4121, 25L))
3g_i2_1sku	6940477401686	1	2	1536646222	0	1536646224	0	((4119, 9L), (4120, 7L), (4121, 8L))
3g_i2_1sku	6940477401686	1	1	1536646228	0	1536646230	0	((4119, 8L), (4120, 8L), (4121, 8L))
3g_i2_1sku	6940477401686	1	2	1536646230	0	1536646233	0	((4119, 15L), (4120, 16L), (4121, 16L))
3g_i2_1sku	6940477401686	1	1	1536646235	0	1536646237	0	((4119, 8L), (4120, 8L), (4121, 8L))
3g_i2_1sku	6940477401686	1	2	1536646237	0	1536646240	0	((4119, 16L), (4120, 17L), (4121, 16L))
3g_i2_1sku	6940477401686	1	1	1536646242	0	1536646245	0	((4119, 16L), (4120, 16L), (4121, 17L))
3g_i2_1sku	6940477401686	1	2	1536646245	0	1536646248	0	((4119, 16L), (4120, 16L), (4121, 16L))
3g_i2_1sku	6940477401686	1	1	1536646250	0	1536646252	0	((4119, 9L), (4120, 8L), (4121, 8L))
3g_i2_1sku	6940477401686	1	2	1536646253	0	1536646256	0	((4119, 16L), (4120, 17L), (4121, 16L))
3g_i2_1sku	6940477401686	1	1	1536646259	0	1536646261	0	((4119, 8L), (4120, 9L), (4121, 7L))
3g_i2_1sku	6940477401686	1	2	1536646261	0	1536646264	0	((4119, 16L), (4120, 16L), (4121, 16L))
