3g_b1_1sku	6955608310058	1	1	1536655933	0	1536655936	0	((4119, 16L), (4120, 16L), (4121, 16L))
3g_b1_1sku	6955608310058	1	2	1536655936	0	1536655943	0	((4119, 42L), (4120, 42L), (4121, 42L))
3g_b1_1sku	6955608310058	1	1	1536655946	0	1536655948	0	()
3g_b1_1sku	6955608310058	1	2	1536655948	0	1536655954	0	()
3g_b1_1sku	6955608310058	1	1	1536655962	0	1536655964	0	()
3g_b1_1sku	6955608310058	1	1	1536656152	0	1536656155	0	()
3g_b1_1sku	6955608310058	1	2	1536656156	0	1536656159	0	()
3g_b1_1sku	6955608310058	1	1	1536656296	0	1536656299	0	((4119, 16L), (4120, 16L), (4121, 17L))
3g_b1_1sku	6955608310058	1	2	1536656299	0	1536656303	0	((4119, 24L), (4120, 25L), (4121, 24L))
3g_b1_1sku	6955608310058	1	1	1536656307	0	1536656309	0	((4119, 7L), (4120, 9L), (4121, 8L))
3g_b1_1sku	6955608310058	1	2	1536656310	0	1536656313	0	((4119, 16L), (4120, 16L), (4121, 16L))
3g_b1_1sku	6955608310058	1	1	1536656315	0	1536656318	0	((4119, 16L), (4120, 16L), (4121, 16L))
3g_b1_1sku	6955608310058	1	2	1536656318	0	1536656321	0	((4119, 16L), (4120, 17L), (4121, 17L))
3g_b1_1sku	6955608310058	1	1	1536656324	0	1536656327	0	((4119, 16L), (4120, 16L), (4121, 16L))
3g_b1_1sku	6955608310058	1	2	1536656327	0	1536656329	0	((4119, 8L), (4120, 8L), (4121, 8L))
3g_b1_1sku	6955608310058	1	1	1536656332	0	1536656334	0	((4119, 8L), (4120, 8L), (4121, 8L))
3g_b1_1sku	6955608310058	1	2	1536656335	0	1536656338	0	((4119, 16L), (4120, 16L), (4121, 16L))
3g_b1_1sku	6955608310058	1	1	1536656340	0	1536656343	0	((4119, 16L), (4120, 16L), (4121, 16L))
3g_b1_1sku	6955608310058	1	2	1536656343	0	1536656346	0	((4119, 17L), (4120, 16L), (4121, 16L))
3g_b1_1sku	6955608310058	1	1	1536656427	0	1536656430	0	((4119, 16L), (4120, 16L), (4121, 16L))
3g_b1_1sku	6955608310058	1	2	1536656430	0	1536656433	0	((4119, 16L), (4120, 16L), (4121, 16L))
3g_b1_1sku	6955608310058	1	1	1536656435	0	1536656438	0	((4119, 17L), (4120, 16L), (4121, 16L))
3g_b1_1sku	6955608310058	1	2	1536656438	0	1536656440	0	((4119, 9L), (4120, 8L), (4121, 8L))
3g_b1_1sku	6955608310058	1	1	1536656443	0	1536656445	0	((4119, 8L), (4120, 9L), (4121, 8L))
3g_b1_1sku	6955608310058	1	2	1536656445	0	1536656448	0	((4119, 16L), (4120, 16L), (4121, 16L))
3g_b1_1sku	6955608310058	1	1	1536656450	0	1536656452	0	((4119, 8L), (4120, 8L), (4121, 8L))
3g_b1_1sku	6955608310058	1	2	1536656453	0	1536656455	0	((4119, 8L), (4120, 9L), (4121, 8L))
3g_b1_1sku	6955608310058	1	1	1536656458	0	1536656460	0	((4119, 8L), (4120, 8L), (4121, 8L))
3g_b1_1sku	6955608310058	1	2	1536656461	0	1536656463	0	((4119, 8L), (4120, 8L), (4121, 8L))
3g_b1_1sku	6955608310058	1	1	1536656466	0	1536656468	0	((4119, 8L), (4120, 8L), (4121, 8L))
3g_b1_1sku	6955608310058	1	2	1536656468	0	1536656470	0	((4119, 8L), (4120, 8L), (4121, 8L))
3g_b1_1sku	6955608310058	1	1	1536656510	0	1536656513	0	((4119, 16L), (4120, 17L), (4121, 16L))
3g_b1_1sku	6955608310058	1	2	1536656514	0	1536656516	0	((4119, 8L), (4120, 8L), (4121, 8L))
3g_b1_1sku	6955608310058	1	1	1536656522	0	1536656524	0	((4119, 8L), (4120, 8L), (4121, 7L))
3g_b1_1sku	6955608310058	1	2	1536656524	0	1536656526	0	((4119, 8L), (4120, 8L), (4121, 8L))
3g_b1_1sku	6955608310058	1	1	1536656529	0	1536656532	0	((4119, 17L), (4120, 16L), (4121, 16L))
3g_b1_1sku	6955608310058	1	2	1536656532	0	1536656534	0	((4119, 8L), (4120, 8L), (4121, 8L))
3g_b1_1sku	6955608310058	1	1	1536656537	0	1536656539	0	((4119, 8L), (4120, 8L), (4121, 8L))
3g_b1_1sku	6955608310058	1	2	1536656540	0	1536656542	0	((4119, 8L), (4120, 8L), (4121, 8L))
3g_b1_1sku	6955608310058	1	1	1536656545	0	1536656547	0	((4119, 8L), (4120, 8L), (4121, 9L))
3g_b1_1sku	6955608310058	1	2	1536656547	0	1536656550	0	((4119, 16L), (4120, 16L), (4121, 16L))
3g_b1_1sku	6955608310058	1	1	1536656553	0	1536656556	0	((4119, 16L), (4120, 16L), (4121, 16L))
3g_b1_1sku	6955608310058	1	2	1536656566	0	1536656568	0	((4119, 8L), (4120, 8L), (4121, 8L))
