3g_l3_1sku	6914973601536	1	1	1536650011	0	1536650015	0	((4119, 25L), (4120, 25L), (4121, 25L))
3g_l3_1sku	6914973601536	1	2	1536650015	0	1536650017	0	((4119, 8L), (4120, 8L), (4121, 7L))
3g_l3_1sku	6914973601536	1	1	1536650020	0	1536650022	0	((4119, 7L), (4120, 8L), (4121, 8L))
3g_l3_1sku	6914973601536	1	2	1536650022	0	1536650024	0	((4119, 8L), (4120, 8L), (4121, 8L))
3g_l3_1sku	6914973601536	1	1	1536650026	0	1536650028	0	((4119, 9L), (4120, 7L), (4121, 7L))
3g_l3_1sku	6914973601536	1	2	1536650029	0	1536650031	0	((4119, 8L), (4120, 8L), (4121, 8L))
3g_l3_1sku	6914973601536	1	1	1536650033	0	1536650035	0	((4119, 9L), (4120, 8L), (4121, 8L))
3g_l3_1sku	6914973601536	1	2	1536650035	0	1536650037	0	((4119, 8L), (4120, 8L), (4121, 8L))
3g_l3_1sku	6914973601536	1	1	1536650039	0	1536650041	0	((4119, 8L), (4120, 8L), (4121, 9L))
3g_l3_1sku	6914973601536	1	2	1536650041	0	1536650043	0	((4119, 9L), (4120, 8L), (4121, 8L))
3g_l3_1sku	6914973601536	1	1	1536650045	0	1536650047	0	((4119, 8L), (4120, 8L), (4121, 8L))
3g_l3_1sku	6914973601536	1	2	1536650047	0	1536650049	0	((4119, 8L), (4120, 9L), (4121, 8L))
3g_l3_1sku	6914973601536	1	1	1536650102	0	1536650104	0	((4119, 8L), (4120, 8L), (4121, 8L))
3g_l3_1sku	6914973601536	1	2	1536650105	0	1536650107	0	((4119, 8L), (4120, 8L), (4121, 8L))
3g_l3_1sku	6914973601536	1	1	1536650109	0	1536650110	0	()
3g_l3_1sku	6914973601536	1	2	1536650111	0	1536650112	0	()
3g_l3_1sku	6914973601536	1	1	1536650114	0	1536650116	0	((4119, 8L), (4120, 8L), (4121, 8L))
3g_l3_1sku	6914973601536	1	2	1536650116	0	1536650118	0	((4119, 8L), (4120, 8L), (4121, 8L))
3g_l3_1sku	6914973601536	1	1	1536650120	0	1536650122	0	((4119, 8L), (4120, 7L), (4121, 8L))
3g_l3_1sku	6914973601536	1	2	1536650122	0	1536650124	0	((4119, 8L), (4120, 8L), (4121, 8L))
3g_l3_1sku	6914973601536	1	1	1536650126	0	1536650128	0	((4119, 9L), (4120, 8L), (4121, 8L))
3g_l3_1sku	6914973601536	1	2	1536650128	0	1536650130	0	((4119, 8L), (4120, 8L), (4121, 8L))
3g_l3_1sku	6914973601536	1	1	1536650132	0	1536650136	0	((4119, 24L), (4120, 24L), (4121, 23L))
3g_l3_1sku	6914973601536	1	2	1536650136	0	1536650138	0	((4119, 9L), (4120, 8L), (4121, 8L))
3g_l3_1sku	6914973601536	1	1	1536650176	0	1536650178	0	((4119, 8L), (4120, 9L), (4121, 8L))
3g_l3_1sku	6914973601536	1	2	1536650178	0	1536650180	0	((4119, 8L), (4120, 8L), (4121, 8L))
3g_l3_1sku	6914973601536	1	1	1536650182	0	1536650184	0	((4119, 8L), (4120, 9L), (4121, 8L))
3g_l3_1sku	6914973601536	1	2	1536650184	0	1536650186	0	((4119, 8L), (4120, 9L), (4121, 8L))
3g_l3_1sku	6914973601536	1	1	1536650188	0	1536650190	0	((4119, 8L), (4120, 8L), (4121, 8L))
3g_l3_1sku	6914973601536	1	2	1536650190	0	1536650192	0	((4119, 9L), (4120, 8L), (4121, 8L))
3g_l3_1sku	6914973601536	1	1	1536650194	0	1536650196	0	((4119, 8L), (4120, 8L), (4121, 8L))
3g_l3_1sku	6914973601536	1	2	1536650196	0	1536650198	0	((4119, 8L), (4120, 8L), (4121, 8L))
3g_l3_1sku	6914973601536	1	1	1536650201	0	1536650203	0	((4119, 8L), (4120, 8L), (4121, 8L))
3g_l3_1sku	6914973601536	1	2	1536650203	0	1536650205	0	((4119, 8L), (4120, 8L), (4121, 8L))
3g_l3_1sku	6914973601536	1	1	1536650207	0	1536650211	0	((4119, 25L), (4120, 25L), (4121, 24L))
3g_l3_1sku	6914973601536	1	2	1536650211	0	1536650213	0	((4119, 8L), (4120, 8L), (4121, 8L))
