3g_j1_2sku	6911988011992	1	1	1536805952	0	1536805955	0	((4119, 17L), (4120, 16L), (4121, 16L))
3g_j1_2sku	6911988011992	1	2	1536805956	0	1536805959	0	((4119, 16L), (4120, 16L), (4121, 17L))
3g_j1_2sku	6911988011992	1	1	1536805962	0	1536805964	0	((4119, 8L), (4120, 9L), (4121, 8L))
3g_j1_2sku	6911988011992	1	2	1536805965	0	1536805967	0	((4119, 8L), (4120, 8L), (4121, 8L))
3g_j1_2sku	6911988011992	1	1	1536805970	0	1536805973	0	((4119, 16L), (4120, 16L), (4121, 16L))
3g_j1_2sku	6911988011992	1	2	1536805974	0	1536805976	0	((4119, 8L), (4120, 8L), (4121, 8L))
3g_j1_2sku	6911988011992	1	1	1536806017	0	1536806020	0	((4119, 17L), (4120, 16L), (4121, 16L))
3g_j1_2sku	6911988011992	1	2	1536806021	0	1536806024	0	((4119, 16L), (4120, 16L), (4121, 16L))
3g_j1_2sku	6911988011992	1	1	1536806027	0	1536806030	0	((4119, 17L), (4120, 16L), (4121, 16L))
3g_j1_2sku	6911988011992	1	2	1536806031	0	1536806033	0	((4119, 8L), (4120, 8L), (4121, 9L))
3g_j1_2sku	6911988011992	1	1	1536806036	0	1536806040	0	((4119, 25L), (4120, 24L), (4121, 24L))
3g_j1_2sku	6911988011992	1	2	1536806040	0	1536806043	0	((4119, 16L), (4120, 16L), (4121, 16L))
3g_j1_2sku	6911988011992	1	1	1536806108	0	1536806113	0	((4119, 32L), (4120, 32L), (4121, 32L))
3g_j1_2sku	6911988011992	1	2	1536806114	0	1536806116	0	((4119, 7L), (4120, 8L), (4121, 8L))
3g_j1_2sku	6911988011992	1	1	1536806119	0	1536806122	0	((4119, 16L), (4120, 16L), (4121, 16L))
3g_j1_2sku	6911988011992	1	2	1536806123	0	1536806125	0	((4119, 8L), (4120, 8L), (4121, 8L))
3g_j1_2sku	6911988011992	1	1	1536806129	0	1536806132	0	((4119, 16L), (4120, 16L), (4121, 17L))
3g_j1_2sku	6911988011992	1	2	1536806132	0	1536806135	0	((4119, 17L), (4120, 15L), (4121, 16L))
