3g_h3_1sku	6922848608740	1	1	1536645454	0	1536645457	0	((4119, 17L), (4120, 16L), (4121, 16L))
3g_h3_1sku	6922848608740	1	2	1536645457	0	1536645460	0	((4119, 16L), (4120, 16L), (4121, 16L))
3g_h3_1sku	6922848608740	1	1	1536645462	0	1536645464	0	((4119, 9L), (4120, 8L), (4121, 8L))
3g_h3_1sku	6922848608740	1	2	1536645464	0	1536645467	0	((4119, 16L), (4120, 17L), (4121, 16L))
3g_h3_1sku	6922848608740	1	1	1536645469	0	1536645471	0	((4119, 9L), (4120, 8L), (4121, 8L))
3g_h3_1sku	6922848608740	1	2	1536645471	0	1536645473	0	((4119, 8L), (4120, 9L), (4121, 9L))
3g_h3_1sku	6922848608740	1	1	1536645475	0	1536645478	0	((4119, 17L), (4120, 16L), (4121, 16L))
3g_h3_1sku	6922848608740	1	2	1536645478	0	1536645481	0	((4119, 16L), (4120, 17L), (4121, 16L))
3g_h3_1sku	6922848608740	1	1	1536645484	0	1536645486	0	((4119, 9L), (4120, 8L), (4121, 9L))
3g_h3_1sku	6922848608740	1	2	1536645486	0	1536645489	0	((4119, 16L), (4120, 17L), (4121, 17L))
3g_h3_1sku	6922848608740	1	1	1536645491	0	1536645493	0	((4119, 9L), (4120, 8L), (4121, 8L))
3g_h3_1sku	6922848608740	1	2	1536645493	0	1536645496	0	((4119, 17L), (4120, 17L), (4121, 16L))
3g_h3_1sku	6922848608740	1	1	1536645527	0	1536645531	0	((4119, 24L), (4120, 24L), (4121, 25L))
3g_h3_1sku	6922848608740	1	2	1536645531	0	1536645535	0	((4119, 24L), (4120, 24L), (4121, 23L))
3g_h3_1sku	6922848608740	1	1	1536645537	0	1536645539	0	((4119, 9L), (4120, 8L), (4121, 9L))
3g_h3_1sku	6922848608740	1	2	1536645540	0	1536645542	0	((4119, 8L), (4120, 8L), (4121, 8L))
3g_h3_1sku	6922848608740	1	1	1536645544	0	1536645546	0	((4119, 7L), (4120, 8L), (4121, 8L))
3g_h3_1sku	6922848608740	1	2	1536645546	0	1536645548	0	((4119, 9L), (4120, 8L), (4121, 8L))
3g_h3_1sku	6922848608740	1	1	1536645551	0	1536645552	0	()
3g_h3_1sku	6922848608740	1	2	1536645553	0	1536645555	0	((4119, 8L), (4120, 8L), (4121, 8L))
3g_h3_1sku	6922848608740	1	1	1536645557	0	1536645559	0	((4119, 8L), (4120, 9L), (4121, 8L))
3g_h3_1sku	6922848608740	1	2	1536645559	0	1536645561	0	((4119, 8L), (4120, 7L), (4121, 8L))
3g_h3_1sku	6922848608740	1	1	1536645563	0	1536645567	0	((4119, 24L), (4120, 25L), (4121, 24L))
3g_h3_1sku	6922848608740	1	2	1536645576	0	1536645579	0	((4119, 16L), (4120, 16L), (4121, 16L))
3g_h3_1sku	6922848608740	1	1	1536645605	0	1536645608	0	((4119, 16L), (4120, 17L), (4121, 15L))
3g_h3_1sku	6922848608740	1	2	1536645608	0	1536645611	0	((4119, 16L), (4120, 16L), (4121, 17L))
3g_h3_1sku	6922848608740	1	1	1536645613	0	1536645615	0	((4119, 8L), (4120, 9L), (4121, 8L))
3g_h3_1sku	6922848608740	1	2	1536645615	0	1536645618	0	((4119, 16L), (4120, 16L), (4121, 16L))
3g_h3_1sku	6922848608740	1	1	1536645620	0	1536645623	0	((4119, 16L), (4120, 16L), (4121, 17L))
3g_h3_1sku	6922848608740	1	2	1536645623	0	1536645625	0	((4119, 8L), (4120, 8L), (4121, 9L))
3g_h3_1sku	6922848608740	1	1	1536645628	0	1536645630	0	((4119, 8L), (4120, 9L), (4121, 8L))
3g_h3_1sku	6922848608740	1	2	1536645630	0	1536645633	0	((4119, 16L), (4120, 16L), (4121, 16L))
3g_h3_1sku	6922848608740	1	1	1536645636	0	1536645637	0	()
3g_h3_1sku	6922848608740	1	2	1536645638	0	1536645640	0	((4119, 8L), (4120, 8L), (4121, 8L))
3g_h3_1sku	6922848608740	1	1	1536645643	0	1536645645	0	((4119, 8L), (4120, 8L), (4121, 8L))
3g_h3_1sku	6922848608740	1	2	1536645645	0	1536645647	0	((4119, 8L), (4120, 8L), (4121, 9L))
