3g_a2_1sku	6954767434674	1	1	1536818415	0	1536818419	0	((4119, 9L), (4120, 9L), (4121, 9L))
3g_a2_1sku	6954767434674	1	2	1536818419	0	1536818425	0	((4119, 10L), (4120, 9L), (4121, 10L))
3g_a2_1sku	6954767434674	1	1	1536818430	0	1536818434	0	((4119, 6L), (4120, 27L), (4121, 5L))
3g_a2_1sku	6954767434674	1	2	1536818438	0	1536818443	0	((4119, 5L), (4120, 4L), (4121, 4L))
3g_a2_1sku	6954767434674	1	1	1536818472	0	1536818476	0	((4119, 13L), (4120, 14L), (4121, 13L))
3g_a2_1sku	6954767434674	1	2	1536818479	0	1536818484	0	((4119, 19L), (4120, 19L), (4121, 18L))
3g_a2_1sku	6954767434674	1	1	1536818491	0	1536818495	0	((4119, 7L), (4120, 8L), (4121, 8L))
3g_a2_1sku	6954767434674	1	2	1536818496	0	1536818502	0	((4119, 17L), (4120, 16L), (4121, 16L))
3g_a2_1sku	6954767434674	1	1	1536818509	0	1536818515	0	((4119, 22L), (4120, 22L), (4121, 22L))
3g_a2_1sku	6954767434674	1	2	1536818516	0	1536818520	0	((4119, 11L), (4120, 10L), (4121, 10L))
3g_a2_1sku	6954767434674	1	1	1536818528	0	1536818531	0	((4119, 1L), (4120, 14L), (4121, 7L))
3g_a2_1sku	6954767434674	1	2	1536818532	0	1536818537	0	((4119, 5L), (4120, 13L), (4121, 3L))
3g_a2_1sku	6954767434674	1	1	1536818609	0	1536818613	0	((4119, 11L), (4120, 11L), (4121, 10L))
3g_a2_1sku	6954767434674	1	2	1536818613	0	1536818618	0	((4119, 15L), (4120, 15L), (4121, 15L))
3g_a2_1sku	6954767434674	1	1	1536818622	0	1536818624	0	((4119, 4L), (4120, 6L), (4121, 5L))
3g_a2_1sku	6954767434674	1	2	1536818625	0	1536818628	0	((4119, 9L), (4120, 8L), (4121, 7L))
3g_a2_1sku	6954767434674	1	1	1536818631	0	1536818634	0	((4119, 13L), (4120, 13L), (4121, 15L))
3g_a2_1sku	6954767434674	1	2	1536818635	0	1536818638	0	((4119, 6L), (4120, 6L), (4121, 5L))
3g_a2_1sku	6954767434674	1	1	1536818642	0	1536818645	0	((4119, 13L), (4120, 13L), (4121, 14L))
3g_a2_1sku	6954767434674	1	2	1536818645	0	1536818649	0	((4119, 6L), (4120, 5L), (4121, 5L))
3g_a2_1sku	6954767434674	1	1	1536818653	0	1536818657	0	((4119, 20L), (4120, 20L), (4121, 19L))
3g_a2_1sku	6954767434674	1	2	1536818657	0	1536818661	0	((4119, 10L), (4120, 9L), (4121, 9L))
3g_a2_1sku	6954767434674	1	1	1536818669	0	1536818672	0	((4119, 8L), (4120, 9L), (4121, 9L))
3g_a2_1sku	6954767434674	1	2	1536818672	0	1536818676	0	((4119, 5L), (4120, 4L), (4121, 4L))
3g_a2_1sku	6954767434674	1	1	1536818737	0	1536818739	0	((4119, 3L), (4120, 3L), (4121, 3L))
3g_a2_1sku	6954767434674	1	2	1536818740	0	1536818743	0	((4119, 8L), (4120, 7L), (4121, 8L))
3g_a2_1sku	6954767434674	1	1	1536818755	0	1536818758	0	((4119, 6L), (4120, 7L), (4121, 7L))
3g_a2_1sku	6954767434674	1	2	1536818759	0	1536818764	0	((4119, 12L), (4120, 12L), (4121, 12L))
3g_a2_1sku	6954767434674	1	1	1536818767	0	1536818771	0	((4119, 10L), (4120, 12L), (4121, 12L))
3g_a2_1sku	6954767434674	1	2	1536818771	0	1536818777	0	((4119, 15L), (4120, 13L), (4121, 14L))
3g_a2_1sku	6954767434674	1	1	1536818783	0	1536818788	0	((4119, 12L), (4120, 12L), (4121, 13L))
3g_a2_1sku	6954767434674	1	2	1536818788	0	1536818794	0	((4119, 13L), (4120, 13L), (4121, 12L))
3g_a2_1sku	6954767434674	1	1	1536818799	0	1536818802	0	((4119, 6L), (4120, 8L), (4121, 8L))
3g_a2_1sku	6954767434674	1	2	1536818803	0	1536818808	0	((4119, 12L), (4120, 12L), (4121, 12L))
3g_a2_1sku	6954767434674	1	1	1536818815	0	1536818820	0	((4119, 11L), (4120, 10L), (4121, 10L))
3g_a2_1sku	6954767434674	1	2	1536818820	0	1536818826	0	((4119, 7L), (4120, 7L), (4121, 7L))
