3g_a4_2sku	6938309713403	1	1	1536721682	0	1536721685	0	((4119, 16L), (4120, 17L), (4121, 17L))
3g_a4_2sku	6938309713403	1	2	1536721686	0	1536721689	0	((4119, 16L), (4120, 16L), (4121, 16L))
3g_a4_2sku	6938309713403	1	1	1536721691	0	1536721694	0	((4119, 17L), (4120, 16L), (4121, 15L))
3g_a4_2sku	6938309713403	1	2	1536721695	0	1536721698	0	((4119, 16L), (4120, 17L), (4121, 16L))
3g_a4_2sku	6938309713403	1	1	1536721700	0	1536721703	0	((4119, 16L), (4120, 16L), (4121, 16L))
3g_a4_2sku	6938309713403	1	2	1536721704	0	1536721707	0	((4119, 16L), (4120, 16L), (4121, 16L))
3g_a4_2sku	6938309713403	1	1	1536721742	0	1536721745	0	((4119, 16L), (4120, 16L), (4121, 16L))
3g_a4_2sku	6938309713403	1	2	1536721745	0	1536721748	0	((4119, 16L), (4120, 17L), (4121, 16L))
3g_a4_2sku	6938309713403	1	1	1536721752	0	1536721754	0	((4119, 8L), (4120, 8L), (4121, 8L))
3g_a4_2sku	6938309713403	1	2	1536721755	0	1536721758	0	((4119, 16L), (4120, 16L), (4121, 16L))
3g_a4_2sku	6938309713403	1	1	1536721761	0	1536721764	0	((4119, 16L), (4120, 16L), (4121, 16L))
3g_a4_2sku	6938309713403	1	2	1536721764	0	1536721767	0	((4119, 16L), (4120, 16L), (4121, 16L))
3g_a4_2sku	6938309713403	1	1	1536721797	0	1536721801	0	((4119, 24L), (4120, 24L), (4121, 24L))
3g_a4_2sku	6938309713403	1	2	1536721801	0	1536721807	0	((4119, 41L), (4120, 40L), (4121, 40L))
3g_a4_2sku	6938309713403	1	1	1536721811	0	1536721813	0	((4119, 9L), (4120, 8L), (4121, 8L))
3g_a4_2sku	6938309713403	1	2	1536721814	0	1536721817	0	((4119, 16L), (4120, 16L), (4121, 16L))
3g_a4_2sku	6938309713403	1	1	1536721819	0	1536721821	0	((4119, 8L), (4120, 9L), (4121, 7L))
3g_a4_2sku	6938309713403	1	2	1536721822	0	1536721825	0	((4119, 17L), (4120, 16L), (4121, 16L))
