3g_i3_2sku	6940477401686	1	1	1536805631	0	1536805633	0	((4119, 8L), (4120, 8L), (4121, 8L))
3g_i3_2sku	6940477401686	1	2	1536805634	0	1536805638	0	((4119, 24L), (4120, 24L), (4121, 24L))
3g_i3_2sku	6940477401686	1	1	1536805642	0	1536805645	0	((4119, 17L), (4120, 16L), (4121, 17L))
3g_i3_2sku	6940477401686	1	2	1536805645	0	1536805650	0	((4119, 33L), (4120, 33L), (4121, 33L))
3g_i3_2sku	6940477401686	1	1	1536805657	0	1536805659	0	((4119, 8L), (4120, 9L), (4121, 8L))
3g_i3_2sku	6940477401686	1	2	1536805660	0	1536805663	0	((4119, 16L), (4120, 16L), (4121, 16L))
3g_i3_2sku	6940477401686	1	1	1536805699	0	1536805703	0	((4119, 24L), (4120, 25L), (4121, 25L))
3g_i3_2sku	6940477401686	1	2	1536805704	0	1536805708	0	((4119, 25L), (4120, 25L), (4121, 25L))
3g_i3_2sku	6940477401686	1	1	1536805711	0	1536805714	0	((4119, 16L), (4120, 16L), (4121, 16L))
3g_i3_2sku	6940477401686	1	2	1536805714	0	1536805717	0	((4119, 17L), (4120, 17L), (4121, 16L))
3g_i3_2sku	6940477401686	1	1	1536805720	0	1536805723	0	((4119, 16L), (4120, 17L), (4121, 16L))
3g_i3_2sku	6940477401686	1	2	1536805723	0	1536805727	0	((4119, 25L), (4120, 24L), (4121, 23L))
3g_i3_2sku	6940477401686	1	1	1536805785	0	1536805787	0	((4119, 8L), (4120, 7L), (4121, 8L))
3g_i3_2sku	6940477401686	1	2	1536805788	0	1536805791	0	((4119, 16L), (4120, 16L), (4121, 16L))
3g_i3_2sku	6940477401686	1	1	1536805794	0	1536805796	0	((4119, 9L), (4120, 8L), (4121, 8L))
3g_i3_2sku	6940477401686	1	2	1536805797	0	1536805800	0	((4119, 16L), (4120, 17L), (4121, 16L))
3g_i3_2sku	6940477401686	1	1	1536805803	0	1536805805	0	((4119, 8L), (4120, 8L), (4121, 9L))
3g_i3_2sku	6940477401686	1	2	1536805806	0	1536805809	0	((4119, 16L), (4120, 16L), (4121, 16L))
