3g_j2_2sku	6970590790053	1	1	1536806185	0	1536806188	0	((4119, 16L), (4120, 17L), (4121, 17L))
3g_j2_2sku	6970590790053	1	2	1536806188	0	1536806191	0	((4119, 16L), (4120, 16L), (4121, 16L))
3g_j2_2sku	6970590790053	1	1	1536806194	0	1536806196	0	((4119, 8L), (4120, 8L), (4121, 8L))
3g_j2_2sku	6970590790053	1	2	1536806197	0	1536806200	0	((4119, 17L), (4120, 17L), (4121, 16L))
3g_j2_2sku	6970590790053	1	1	1536806203	0	1536806206	0	((4119, 16L), (4120, 16L), (4121, 16L))
3g_j2_2sku	6970590790053	1	2	1536806206	0	1536806209	0	((4119, 16L), (4120, 17L), (4121, 17L))
3g_j2_2sku	6970590790053	1	1	1536806248	0	1536806251	0	((4119, 16L), (4120, 16L), (4121, 16L))
3g_j2_2sku	6970590790053	1	2	1536806252	0	1536806255	0	((4119, 17L), (4120, 17L), (4121, 16L))
3g_j2_2sku	6970590790053	1	1	1536806257	0	1536806260	0	((4119, 17L), (4120, 16L), (4121, 15L))
3g_j2_2sku	6970590790053	1	2	1536806260	0	1536806263	0	((4119, 17L), (4120, 17L), (4121, 16L))
3g_j2_2sku	6970590790053	1	1	1536806266	0	1536806268	0	((4119, 8L), (4120, 8L), (4121, 8L))
3g_j2_2sku	6970590790053	1	2	1536806269	0	1536806271	0	((4119, 7L), (4120, 7L), (4121, 8L))
3g_j2_2sku	6970590790053	1	1	1536806286	0	1536806289	0	((4119, 16L), (4120, 16L), (4121, 16L))
3g_j2_2sku	6970590790053	1	2	1536806290	0	1536806293	0	((4119, 16L), (4120, 17L), (4121, 15L))
3g_j2_2sku	6970590790053	1	1	1536806296	0	1536806299	0	((4119, 16L), (4120, 16L), (4121, 16L))
3g_j2_2sku	6970590790053	1	2	1536806299	0	1536806302	0	((4119, 17L), (4120, 17L), (4121, 16L))
3g_j2_2sku	6970590790053	1	1	1536806305	0	1536806308	0	((4119, 16L), (4120, 17L), (4121, 16L))
3g_j2_2sku	6970590790053	1	2	1536806308	0	1536806311	0	((4119, 16L), (4120, 16L), (4121, 16L))
