3g_l2_1sku	8996001303702	1	1	1536649783	0	1536649785	0	((4119, 8L), (4120, 8L), (4121, 8L))
3g_l2_1sku	8996001303702	1	2	1536649786	0	1536649788	0	((4119, 9L), (4120, 8L), (4121, 9L))
3g_l2_1sku	8996001303702	1	1	1536649790	0	1536649792	0	((4119, 8L), (4120, 9L), (4121, 8L))
3g_l2_1sku	8996001303702	1	2	1536649793	0	1536649795	0	((4119, 8L), (4120, 8L), (4121, 8L))
3g_l2_1sku	8996001303702	1	1	1536649797	0	1536649799	0	((4119, 8L), (4120, 8L), (4121, 7L))
3g_l2_1sku	8996001303702	1	2	1536649799	0	1536649802	0	((4119, 16L), (4120, 16L), (4121, 17L))
3g_l2_1sku	8996001303702	1	1	1536649804	0	1536649806	0	((4119, 8L), (4120, 9L), (4121, 8L))
3g_l2_1sku	8996001303702	1	2	1536649806	0	1536649808	0	((4119, 8L), (4120, 8L), (4121, 8L))
3g_l2_1sku	8996001303702	1	1	1536649811	0	1536649813	0	((4119, 8L), (4120, 8L), (4121, 8L))
3g_l2_1sku	8996001303702	1	2	1536649813	0	1536649815	0	((4119, 8L), (4120, 8L), (4121, 8L))
3g_l2_1sku	8996001303702	1	1	1536649817	0	1536649818	0	()
3g_l2_1sku	8996001303702	1	2	1536649818	0	1536649821	0	((4119, 17L), (4120, 16L), (4121, 16L))
3g_l2_1sku	8996001303702	1	1	1536649850	0	1536649852	0	((4119, 8L), (4120, 8L), (4121, 8L))
3g_l2_1sku	8996001303702	1	2	1536649853	0	1536649855	0	((4119, 7L), (4120, 8L), (4121, 7L))
3g_l2_1sku	8996001303702	1	1	1536649857	0	1536649859	0	((4119, 8L), (4120, 8L), (4121, 8L))
3g_l2_1sku	8996001303702	1	2	1536649859	0	1536649861	0	((4119, 8L), (4120, 7L), (4121, 8L))
3g_l2_1sku	8996001303702	1	1	1536649863	0	1536649865	0	((4119, 8L), (4120, 8L), (4121, 8L))
3g_l2_1sku	8996001303702	1	2	1536649866	0	1536649867	0	()
3g_l2_1sku	8996001303702	1	1	1536649877	0	1536649881	0	((4119, 24L), (4120, 25L), (4121, 23L))
3g_l2_1sku	8996001303702	1	2	1536649881	0	1536649884	0	((4119, 16L), (4120, 17L), (4121, 16L))
3g_l2_1sku	8996001303702	1	1	1536649887	0	1536649889	0	((4119, 8L), (4120, 8L), (4121, 8L))
3g_l2_1sku	8996001303702	1	2	1536649889	0	1536649891	0	((4119, 8L), (4120, 8L), (4121, 8L))
3g_l2_1sku	8996001303702	1	1	1536649894	0	1536649897	0	((4119, 17L), (4120, 16L), (4121, 16L))
3g_l2_1sku	8996001303702	1	2	1536649897	0	1536649899	0	((4119, 7L), (4120, 8L), (4121, 8L))
3g_l2_1sku	8996001303702	1	1	1536649925	0	1536649929	0	((4119, 24L), (4120, 25L), (4121, 25L))
3g_l2_1sku	8996001303702	1	2	1536649930	0	1536649932	0	((4119, 8L), (4120, 8L), (4121, 8L))
3g_l2_1sku	8996001303702	1	1	1536649934	0	1536649936	0	((4119, 9L), (4120, 8L), (4121, 7L))
3g_l2_1sku	8996001303702	1	2	1536649936	0	1536649938	0	((4119, 8L), (4120, 9L), (4121, 9L))
3g_l2_1sku	8996001303702	1	1	1536649940	0	1536649942	0	((4119, 8L), (4120, 8L), (4121, 8L))
3g_l2_1sku	8996001303702	1	2	1536649943	0	1536649945	0	((4119, 8L), (4120, 8L), (4121, 8L))
3g_l2_1sku	8996001303702	1	1	1536649947	0	1536649949	0	((4119, 8L), (4120, 8L), (4121, 8L))
3g_l2_1sku	8996001303702	1	2	1536649949	0	1536649951	0	((4119, 8L), (4120, 8L), (4121, 8L))
3g_l2_1sku	8996001303702	1	1	1536649953	0	1536649955	0	((4119, 9L), (4120, 8L), (4121, 8L))
3g_l2_1sku	8996001303702	1	2	1536649955	0	1536649957	0	((4119, 8L), (4120, 8L), (4121, 8L))
3g_l2_1sku	8996001303702	1	1	1536649959	0	1536649960	0	()
3g_l2_1sku	8996001303702	1	2	1536649961	0	1536649964	0	((4119, 16L), (4120, 16L), (4121, 17L))
