3g_f3_2sku	6957735788861	1	1	1536744802	0	1536744807	0	((4119, 32L), (4120, 32L), (4121, 14L))
3g_f3_2sku	6957735788861	1	2	1536744807	0	1536744811	0	((4119, 25L), (4120, 24L), (4121, 6L))
3g_f3_2sku	6957735788861	1	1	1536744818	0	1536744822	0	((4119, 25L), (4120, 24L), (4121, 13L))
3g_f3_2sku	6957735788861	1	2	1536744823	0	1536744828	0	((4119, 33L), (4120, 32L), (4121, 16L))
3g_f3_2sku	6957735788861	1	1	1536744833	0	1536744835	0	((4119, 8L), (4120, 8L), (4121, 6L))
3g_f3_2sku	6957735788861	1	2	1536744836	0	1536744839	0	((4119, 17L), (4120, 16L), (4121, 7L))
3g_f3_2sku	6957735788861	1	1	1536744868	0	1536744871	0	((4119, 17L), (4120, 16L), (4121, 11L))
3g_f3_2sku	6957735788861	1	2	1536744872	0	1536744875	0	((4119, 16L), (4120, 17L), (4121, 5L))
3g_f3_2sku	6957735788861	1	1	1536744877	0	1536744880	0	((4119, 17L), (4120, 17L), (4121, 13L))
3g_f3_2sku	6957735788861	1	2	1536744880	0	1536744883	0	((4119, 16L), (4120, 17L), (4121, 6L))
3g_f3_2sku	6957735788861	1	1	1536744886	0	1536744890	0	((4119, 25L), (4120, 25L), (4121, 10L))
3g_f3_2sku	6957735788861	1	2	1536744891	0	1536744894	0	((4119, 16L), (4120, 16L), (4121, 10L))
3g_f3_2sku	6957735788861	1	1	1536744918	0	1536744924	0	((4119, 41L), (4120, 41L), (4121, 21L))
3g_f3_2sku	6957735788861	1	2	1536744925	0	1536744928	0	((4119, 16L), (4120, 16L), (4121, 8L))
3g_f3_2sku	6957735788861	1	1	1536744933	0	1536744936	0	((4119, 16L), (4120, 17L), (4121, 8L))
3g_f3_2sku	6957735788861	1	2	1536744936	0	1536744940	0	((4119, 25L), (4120, 24L), (4121, 3L))
3g_f3_2sku	6957735788861	1	1	1536744944	0	1536744947	0	((4119, 16L), (4120, 16L), (4121, 7L))
3g_f3_2sku	6957735788861	1	2	1536744947	0	1536744950	0	((4119, 16L), (4120, 17L), (4121, 7L))
