3g_h2_1sku	6922130118483	1	1	1536645140	0	1536645143	0	((4119, 16L), (4120, 16L), (4121, 16L))
3g_h2_1sku	6922130118483	1	2	1536645143	0	1536645146	0	((4119, 16L), (4120, 16L), (4121, 16L))
3g_h2_1sku	6922130118483	1	1	1536645148	0	1536645150	0	((4119, 8L), (4120, 8L), (4121, 8L))
3g_h2_1sku	6922130118483	1	2	1536645151	0	1536645153	0	((4119, 7L), (4120, 7L), (4121, 9L))
3g_h2_1sku	6922130118483	1	1	1536645156	0	1536645158	0	((4119, 8L), (4120, 9L), (4121, 8L))
3g_h2_1sku	6922130118483	1	2	1536645158	0	1536645164	0	((4119, 41L), (4120, 40L), (4121, 41L))
3g_h2_1sku	6922130118483	1	1	1536645167	0	1536645169	0	((4119, 8L), (4120, 8L), (4121, 8L))
3g_h2_1sku	6922130118483	1	2	1536645169	0	1536645172	0	((4119, 17L), (4120, 16L), (4121, 16L))
3g_h2_1sku	6922130118483	1	1	1536645174	0	1536645176	0	((4119, 8L), (4120, 8L), (4121, 9L))
3g_h2_1sku	6922130118483	1	2	1536645177	0	1536645180	0	((4119, 16L), (4120, 16L), (4121, 17L))
3g_h2_1sku	6922130118483	1	1	1536645182	0	1536645184	0	((4119, 7L), (4120, 8L), (4121, 8L))
3g_h2_1sku	6922130118483	1	2	1536645185	0	1536645187	0	((4119, 8L), (4120, 9L), (4121, 8L))
3g_h2_1sku	6922130118483	1	1	1536645234	0	1536645238	0	((4119, 24L), (4120, 25L), (4121, 24L))
3g_h2_1sku	6922130118483	1	2	1536645239	0	1536645241	0	((4119, 9L), (4120, 8L), (4121, 9L))
3g_h2_1sku	6922130118483	1	1	1536645246	0	1536645253	0	((4119, 49L), (4120, 49L), (4121, 48L))
3g_h2_1sku	6922130118483	1	2	1536645253	0	1536645256	0	((4119, 16L), (4120, 16L), (4121, 16L))
3g_h2_1sku	6922130118483	1	1	1536645271	0	1536645274	0	((4119, 16L), (4120, 16L), (4121, 16L))
3g_h2_1sku	6922130118483	1	2	1536645274	0	1536645277	0	((4119, 16L), (4120, 16L), (4121, 17L))
3g_h2_1sku	6922130118483	1	1	1536645281	0	1536645283	0	((4119, 8L), (4120, 8L), (4121, 8L))
3g_h2_1sku	6922130118483	1	2	1536645283	0	1536645285	0	((4119, 8L), (4120, 9L), (4121, 8L))
3g_h2_1sku	6922130118483	1	1	1536645292	0	1536645294	0	((4119, 8L), (4120, 8L), (4121, 9L))
3g_h2_1sku	6922130118483	1	2	1536645294	0	1536645297	0	((4119, 16L), (4120, 16L), (4121, 17L))
3g_h2_1sku	6922130118483	1	1	1536645299	0	1536645302	0	((4119, 16L), (4120, 17L), (4121, 16L))
3g_h2_1sku	6922130118483	1	2	1536645302	0	1536645305	0	((4119, 16L), (4120, 16L), (4121, 16L))
3g_h2_1sku	6922130118483	1	1	1536645331	0	1536645334	0	((4119, 16L), (4120, 17L), (4121, 17L))
3g_h2_1sku	6922130118483	1	2	1536645334	0	1536645337	0	((4119, 16L), (4120, 16L), (4121, 16L))
3g_h2_1sku	6922130118483	1	1	1536645339	0	1536645341	0	((4119, 9L), (4120, 7L), (4121, 8L))
3g_h2_1sku	6922130118483	1	2	1536645341	0	1536645343	0	((4119, 8L), (4120, 9L), (4121, 9L))
3g_h2_1sku	6922130118483	1	1	1536645346	0	1536645347	0	()
3g_h2_1sku	6922130118483	1	2	1536645348	0	1536645350	0	((4119, 9L), (4120, 8L), (4121, 8L))
3g_h2_1sku	6922130118483	1	1	1536645352	0	1536645354	0	((4119, 8L), (4120, 8L), (4121, 8L))
3g_h2_1sku	6922130118483	1	2	1536645354	0	1536645357	0	((4119, 17L), (4120, 16L), (4121, 16L))
3g_h2_1sku	6922130118483	1	1	1536645359	0	1536645361	0	((4119, 8L), (4120, 8L), (4121, 8L))
3g_h2_1sku	6922130118483	1	2	1536645361	0	1536645364	0	((4119, 17L), (4120, 17L), (4121, 16L))
3g_h2_1sku	6922130118483	1	1	1536645366	0	1536645368	0	((4119, 8L), (4120, 8L), (4121, 9L))
3g_h2_1sku	6922130118483	1	2	1536645369	0	1536645372	0	((4119, 16L), (4120, 17L), (4121, 16L))
