3g_g1_1sku	6923450662021	1	1	1536634040	0	1536634043	0	((4119, 16L), (4120, 17L), (4121, 16L))
3g_g1_1sku	6923450662021	1	2	1536634043	0	1536634045	0	((4119, 8L), (4120, 8L), (4121, 8L))
3g_g1_1sku	6923450662021	1	1	1536634047	0	1536634049	0	((4119, 8L), (4120, 8L), (4121, 8L))
3g_g1_1sku	6923450662021	1	2	1536634049	0	1536634051	0	((4119, 8L), (4120, 8L), (4121, 8L))
3g_g1_1sku	6923450662021	1	1	1536634053	0	1536634055	0	((4119, 8L), (4120, 8L), (4121, 8L))
3g_g1_1sku	6923450662021	1	2	1536634056	0	1536634058	0	((4119, 8L), (4120, 8L), (4121, 8L))
3g_g1_1sku	6923450662021	1	1	1536634060	0	1536634062	0	((4119, 8L), (4120, 8L), (4121, 8L))
3g_g1_1sku	6923450662021	1	2	1536634062	0	1536634065	0	((4119, 16L), (4120, 16L), (4121, 16L))
3g_g1_1sku	6923450662021	1	1	1536634067	0	1536634070	0	((4119, 16L), (4120, 17L), (4121, 16L))
3g_g1_1sku	6923450662021	1	2	1536634070	0	1536634072	0	((4119, 8L), (4120, 8L), (4121, 7L))
3g_g1_1sku	6923450662021	1	1	1536634074	0	1536634076	0	((4119, 7L), (4120, 8L), (4121, 8L))
3g_g1_1sku	6923450662021	1	2	1536634077	0	1536634079	0	((4119, 8L), (4120, 8L), (4121, 8L))
3g_g1_1sku	6923450662021	1	1	1536634131	0	1536634133	0	((4119, 8L), (4120, 8L), (4121, 8L))
3g_g1_1sku	6923450662021	1	2	1536634133	0	1536634135	0	((4119, 8L), (4120, 8L), (4121, 8L))
3g_g1_1sku	6923450662021	1	1	1536634138	0	1536634140	0	((4119, 8L), (4120, 7L), (4121, 8L))
3g_g1_1sku	6923450662021	1	2	1536634141	0	1536634143	0	((4119, 8L), (4120, 8L), (4121, 8L))
3g_g1_1sku	6923450662021	1	1	1536634144	0	1536634147	0	((4119, 16L), (4120, 17L), (4121, 16L))
3g_g1_1sku	6923450662021	1	2	1536634149	0	1536634154	0	((4119, 33L), (4120, 33L), (4121, 33L))
3g_g1_1sku	6923450662021	1	1	1536634174	0	1536634177	0	((4119, 17L), (4120, 17L), (4121, 15L))
3g_g1_1sku	6923450662021	1	2	1536634177	0	1536634179	0	((4119, 8L), (4120, 8L), (4121, 8L))
3g_g1_1sku	6923450662021	1	1	1536634182	0	1536634185	0	((4119, 16L), (4120, 16L), (4121, 16L))
3g_g1_1sku	6923450662021	1	2	1536634185	0	1536634187	0	((4119, 9L), (4120, 8L), (4121, 8L))
3g_g1_1sku	6923450662021	1	1	1536634189	0	1536634192	0	((4119, 16L), (4120, 17L), (4121, 16L))
3g_g1_1sku	6923450662021	1	2	1536634192	0	1536634194	0	((4119, 9L), (4120, 8L), (4121, 8L))
3g_g1_1sku	6923450662021	1	1	1536634217	0	1536634220	0	((4119, 16L), (4120, 17L), (4121, 16L))
3g_g1_1sku	6923450662021	1	2	1536634220	0	1536634223	0	((4119, 17L), (4120, 16L), (4121, 16L))
3g_g1_1sku	6923450662021	1	1	1536634225	0	1536634227	0	((4119, 8L), (4120, 8L), (4121, 8L))
3g_g1_1sku	6923450662021	1	2	1536634227	0	1536634229	0	((4119, 8L), (4120, 8L), (4121, 8L))
3g_g1_1sku	6923450662021	1	1	1536634233	0	1536634235	0	((4119, 8L), (4120, 9L), (4121, 8L))
3g_g1_1sku	6923450662021	1	2	1536634235	0	1536634237	0	((4119, 8L), (4120, 8L), (4121, 8L))
3g_g1_1sku	6923450662021	1	1	1536634240	0	1536634243	0	((4119, 16L), (4120, 16L), (4121, 17L))
3g_g1_1sku	6923450662021	1	2	1536634243	0	1536634245	0	((4119, 8L), (4120, 8L), (4121, 8L))
3g_g1_1sku	6923450662021	1	1	1536634248	0	1536634251	0	((4119, 16L), (4120, 16L), (4121, 16L))
3g_g1_1sku	6923450662021	1	2	1536634251	0	1536634253	0	((4119, 9L), (4120, 8L), (4121, 8L))
3g_g1_1sku	6923450662021	1	1	1536634256	0	1536634259	0	((4119, 16L), (4120, 16L), (4121, 16L))
3g_g1_1sku	6923450662021	1	2	1536634260	0	1536634262	0	((4119, 9L), (4120, 9L), (4121, 8L))
