3g_d2_1sku	6901898886636	1	1	1536826020	0	1536826023	0	((4119, 17L), (4120, 16L), (4121, 16L))
3g_d2_1sku	6901898886636	1	2	1536826023	0	1536826026	0	((4119, 16L), (4120, 16L), (4121, 16L))
3g_d2_1sku	6901898886636	1	1	1536826029	0	1536826032	0	((4119, 16L), (4120, 17L), (4121, 16L))
3g_d2_1sku	6901898886636	1	2	1536826032	0	1536826035	0	((4119, 16L), (4120, 16L), (4121, 16L))
3g_d2_1sku	6901898886636	1	1	1536826037	0	1536826040	0	((4119, 16L), (4120, 17L), (4121, 16L))
3g_d2_1sku	6901898886636	1	2	1536826040	0	1536826043	0	((4119, 17L), (4120, 16L), (4121, 16L))
3g_d2_1sku	6901898886636	1	1	1536826047	0	1536826049	0	((4119, 8L), (4120, 8L), (4121, 8L))
3g_d2_1sku	6901898886636	1	2	1536826050	0	1536826052	0	((4119, 9L), (4120, 9L), (4121, 8L))
3g_d2_1sku	6901898886636	1	1	1536826055	0	1536826057	0	((4119, 8L), (4120, 8L), (4121, 8L))
3g_d2_1sku	6901898886636	1	2	1536826058	0	1536826060	0	((4119, 9L), (4120, 8L), (4121, 8L))
3g_d2_1sku	6901898886636	1	1	1536826063	0	1536826066	0	((4119, 16L), (4120, 16L), (4121, 16L))
3g_d2_1sku	6901898886636	1	2	1536826066	0	1536826069	0	((4119, 16L), (4120, 16L), (4121, 16L))
3g_d2_1sku	6901898886636	1	1	1536826105	0	1536826109	0	((4119, 24L), (4120, 24L), (4121, 24L))
3g_d2_1sku	6901898886636	1	2	1536826109	0	1536826112	0	((4119, 16L), (4120, 17L), (4121, 16L))
3g_d2_1sku	6901898886636	1	1	1536826115	0	1536826117	0	((4119, 8L), (4120, 8L), (4121, 8L))
3g_d2_1sku	6901898886636	1	2	1536826118	0	1536826120	0	((4119, 8L), (4120, 8L), (4121, 8L))
3g_d2_1sku	6901898886636	1	1	1536826123	0	1536826125	0	((4119, 8L), (4120, 9L), (4121, 9L))
3g_d2_1sku	6901898886636	1	2	1536826125	0	1536826127	0	((4119, 8L), (4120, 8L), (4121, 9L))
3g_d2_1sku	6901898886636	1	1	1536826130	0	1536826132	0	((4119, 7L), (4120, 7L), (4121, 8L))
3g_d2_1sku	6901898886636	1	2	1536826133	0	1536826135	0	((4119, 8L), (4120, 8L), (4121, 8L))
3g_d2_1sku	6901898886636	1	1	1536826137	0	1536826140	0	((4119, 16L), (4120, 16L), (4121, 16L))
3g_d2_1sku	6901898886636	1	2	1536826140	0	1536826142	0	((4119, 8L), (4120, 8L), (4121, 8L))
3g_d2_1sku	6901898886636	1	1	1536826145	0	1536826147	0	((4119, 8L), (4120, 8L), (4121, 8L))
3g_d2_1sku	6901898886636	1	2	1536826148	0	1536826150	0	((4119, 8L), (4120, 8L), (4121, 8L))
3g_d2_1sku	6901898886636	1	1	1536826168	0	1536826177	0	((4119, 64L), (4120, 65L), (4121, 64L))
3g_d2_1sku	6901898886636	1	2	1536826179	0	1536826182	0	((4119, 16L), (4120, 16L), (4121, 16L))
3g_d2_1sku	6901898886636	1	1	1536826187	0	1536826188	0	()
3g_d2_1sku	6901898886636	1	2	1536826189	0	1536826193	0	((4119, 24L), (4120, 25L), (4121, 25L))
3g_d2_1sku	6901898886636	1	1	1536826198	0	1536826201	0	((4119, 16L), (4120, 16L), (4121, 16L))
3g_d2_1sku	6901898886636	1	2	1536826202	0	1536826204	0	((4119, 8L), (4120, 8L), (4121, 8L))
3g_d2_1sku	6901898886636	1	1	1536826207	0	1536826210	0	((4119, 16L), (4120, 15L), (4121, 16L))
3g_d2_1sku	6901898886636	1	2	1536826210	0	1536826212	0	((4119, 8L), (4120, 8L), (4121, 8L))
3g_d2_1sku	6901898886636	1	1	1536826215	0	1536826217	0	((4119, 8L), (4120, 8L), (4121, 8L))
3g_d2_1sku	6901898886636	1	2	1536826218	0	1536826220	0	((4119, 9L), (4120, 8L), (4121, 8L))
3g_d2_1sku	6901898886636	1	1	1536826223	0	1536826225	0	((4119, 8L), (4120, 7L), (4121, 8L))
3g_d2_1sku	6901898886636	1	2	1536826226	0	1536826228	0	((4119, 9L), (4120, 8L), (4121, 8L))
