3g_h1_1sku	6910160312513	1	1	1536644832	0	1536644836	0	((4119, 24L), (4120, 24L), (4121, 24L))
3g_h1_1sku	6910160312513	1	2	1536644836	0	1536644839	0	((4119, 17L), (4120, 17L), (4121, 16L))
3g_h1_1sku	6910160312513	1	1	1536644841	0	1536644843	0	((4119, 8L), (4120, 8L), (4121, 9L))
3g_h1_1sku	6910160312513	1	2	1536644843	0	1536644845	0	((4119, 7L), (4120, 8L), (4121, 8L))
3g_h1_1sku	6910160312513	1	1	1536644847	0	1536644849	0	((4119, 8L), (4120, 8L), (4121, 8L))
3g_h1_1sku	6910160312513	1	2	1536644849	0	1536644851	0	((4119, 9L), (4120, 9L), (4121, 8L))
3g_h1_1sku	6910160312513	1	1	1536644852	0	1536644854	0	((4119, 8L), (4120, 8L), (4121, 7L))
3g_h1_1sku	6910160312513	1	2	1536644854	0	1536644857	0	((4119, 16L), (4120, 16L), (4121, 16L))
3g_h1_1sku	6910160312513	1	1	1536644859	0	1536644861	0	((4119, 8L), (4120, 8L), (4121, 8L))
3g_h1_1sku	6910160312513	1	2	1536644861	0	1536644863	0	((4119, 8L), (4120, 8L), (4121, 8L))
3g_h1_1sku	6910160312513	1	1	1536644866	0	1536644868	0	((4119, 8L), (4120, 8L), (4121, 8L))
3g_h1_1sku	6910160312513	1	2	1536644868	0	1536644870	0	((4119, 8L), (4120, 9L), (4121, 8L))
3g_h1_1sku	6910160312513	1	1	1536644949	0	1536644952	0	((4119, 16L), (4120, 17L), (4121, 16L))
3g_h1_1sku	6910160312513	1	2	1536644952	0	1536644955	0	((4119, 16L), (4120, 16L), (4121, 16L))
3g_h1_1sku	6910160312513	1	1	1536644957	0	1536644959	0	((4119, 8L), (4120, 8L), (4121, 8L))
3g_h1_1sku	6910160312513	1	2	1536644959	0	1536644961	0	((4119, 8L), (4120, 8L), (4121, 8L))
3g_h1_1sku	6910160312513	1	1	1536644964	0	1536644966	0	((4119, 8L), (4120, 9L), (4121, 8L))
3g_h1_1sku	6910160312513	1	2	1536644966	0	1536644968	0	((4119, 9L), (4120, 8L), (4121, 8L))
3g_h1_1sku	6910160312513	1	1	1536644971	0	1536644973	0	((4119, 8L), (4120, 8L), (4121, 9L))
3g_h1_1sku	6910160312513	1	2	1536644974	0	1536644976	0	((4119, 8L), (4120, 8L), (4121, 8L))
3g_h1_1sku	6910160312513	1	1	1536644979	0	1536644981	0	((4119, 8L), (4120, 8L), (4121, 8L))
3g_h1_1sku	6910160312513	1	2	1536644981	0	1536644983	0	((4119, 8L), (4120, 7L), (4121, 8L))
3g_h1_1sku	6910160312513	1	1	1536644986	0	1536644988	0	((4119, 8L), (4120, 8L), (4121, 8L))
3g_h1_1sku	6910160312513	1	2	1536644988	0	1536644990	0	((4119, 8L), (4120, 7L), (4121, 8L))
3g_h1_1sku	6910160312513	1	1	1536645016	0	1536645018	0	((4119, 8L), (4120, 8L), (4121, 9L))
3g_h1_1sku	6910160312513	1	2	1536645018	0	1536645020	0	((4119, 8L), (4120, 8L), (4121, 7L))
3g_h1_1sku	6910160312513	1	1	1536645022	0	1536645024	0	((4119, 8L), (4120, 8L), (4121, 8L))
3g_h1_1sku	6910160312513	1	2	1536645024	0	1536645026	0	((4119, 8L), (4120, 8L), (4121, 8L))
3g_h1_1sku	6910160312513	1	1	1536645028	0	1536645030	0	((4119, 8L), (4120, 9L), (4121, 8L))
3g_h1_1sku	6910160312513	1	2	1536645030	0	1536645032	0	((4119, 8L), (4120, 9L), (4121, 9L))
3g_h1_1sku	6910160312513	1	1	1536645034	0	1536645037	0	((4119, 16L), (4120, 16L), (4121, 16L))
3g_h1_1sku	6910160312513	1	2	1536645037	0	1536645039	0	((4119, 8L), (4120, 9L), (4121, 8L))
3g_h1_1sku	6910160312513	1	1	1536645041	0	1536645043	0	((4119, 9L), (4120, 8L), (4121, 8L))
3g_h1_1sku	6910160312513	1	2	1536645043	0	1536645045	0	((4119, 8L), (4120, 9L), (4121, 8L))
3g_h1_1sku	6910160312513	1	1	1536645047	0	1536645049	0	((4119, 9L), (4120, 8L), (4121, 8L))
3g_h1_1sku	6910160312513	1	2	1536645049	0	1536645051	0	((4119, 8L), (4120, 8L), (4121, 8L))
