3g_b4_2sku	6920202888883	1	1	1536722586	0	1536722589	0	((4119, 16L), (4120, 17L), (4121, 16L))
3g_b4_2sku	6920202888883	1	2	1536722590	0	1536722593	0	((4119, 17L), (4120, 17L), (4121, 16L))
3g_b4_2sku	6920202888883	1	1	1536722597	0	1536722600	0	((4119, 17L), (4120, 17L), (4121, 16L))
3g_b4_2sku	6920202888883	1	2	1536722600	0	1536722603	0	((4119, 16L), (4120, 16L), (4121, 16L))
3g_b4_2sku	6920202888883	1	1	1536722607	0	1536722609	0	((4119, 9L), (4120, 8L), (4121, 8L))
3g_b4_2sku	6920202888883	1	2	1536722610	0	1536722613	0	((4119, 17L), (4120, 16L), (4121, 17L))
3g_b4_2sku	6920202888883	1	1	1536722652	0	1536722656	0	((4119, 24L), (4120, 24L), (4121, 24L))
3g_b4_2sku	6920202888883	1	2	1536722657	0	1536722660	0	((4119, 16L), (4120, 16L), (4121, 16L))
3g_b4_2sku	6920202888883	1	1	1536722663	0	1536722666	0	((4119, 16L), (4120, 16L), (4121, 16L))
3g_b4_2sku	6920202888883	1	2	1536722667	0	1536722669	0	((4119, 8L), (4120, 9L), (4121, 8L))
3g_b4_2sku	6920202888883	1	1	1536722672	0	1536722675	0	((4119, 16L), (4120, 17L), (4121, 15L))
3g_b4_2sku	6920202888883	1	2	1536722675	0	1536722678	0	((4119, 16L), (4120, 17L), (4121, 16L))
3g_b4_2sku	6920202888883	1	1	1536722711	0	1536722715	0	((4119, 24L), (4120, 25L), (4121, 24L))
3g_b4_2sku	6920202888883	1	2	1536722716	0	1536722722	0	((4119, 40L), (4120, 41L), (4121, 40L))
3g_b4_2sku	6920202888883	1	1	1536722727	0	1536722730	0	((4119, 16L), (4120, 16L), (4121, 16L))
3g_b4_2sku	6920202888883	1	2	1536722730	0	1536722733	0	((4119, 16L), (4120, 16L), (4121, 16L))
3g_b4_2sku	6920202888883	1	1	1536722736	0	1536722739	0	((4119, 16L), (4120, 16L), (4121, 15L))
3g_b4_2sku	6920202888883	1	2	1536722739	0	1536722742	0	((4119, 16L), (4120, 16L), (4121, 16L))
