3g_g3_1sku	6902083881559	1	1	1536830666	0	1536830668	0	((4119, 8L), (4120, 8L), (4121, 8L))
3g_g3_1sku	6902083881559	1	2	1536830669	0	1536830672	0	((4119, 16L), (4120, 17L), (4121, 16L))
3g_g3_1sku	6902083881559	1	1	1536830675	0	1536830677	0	((4119, 8L), (4120, 8L), (4121, 8L))
3g_g3_1sku	6902083881559	1	2	1536830678	0	1536830680	0	((4119, 8L), (4120, 8L), (4121, 8L))
3g_g3_1sku	6902083881559	1	1	1536830683	0	1536830685	0	((4119, 8L), (4120, 8L), (4121, 8L))
3g_g3_1sku	6902083881559	1	2	1536830687	0	1536830689	0	((4119, 8L), (4120, 8L), (4121, 8L))
3g_g3_1sku	6902083881559	1	1	1536830691	0	1536830694	0	((4119, 15L), (4120, 16L), (4121, 17L))
3g_g3_1sku	6902083881559	1	2	1536830695	0	1536830698	0	((4119, 16L), (4120, 16L), (4121, 16L))
3g_g3_1sku	6902083881559	1	1	1536830700	0	1536830703	0	((4119, 16L), (4120, 16L), (4121, 16L))
3g_g3_1sku	6902083881559	1	2	1536830703	0	1536830706	0	((4119, 17L), (4120, 16L), (4121, 16L))
3g_g3_1sku	6902083881559	1	1	1536830710	0	1536830712	0	((4119, 9L), (4120, 9L), (4121, 7L))
3g_g3_1sku	6902083881559	1	2	1536830713	0	1536830715	0	((4119, 8L), (4120, 8L), (4121, 8L))
3g_g3_1sku	6902083881559	1	1	1536830760	0	1536830763	0	((4119, 16L), (4120, 16L), (4121, 17L))
3g_g3_1sku	6902083881559	1	2	1536830764	0	1536830767	0	((4119, 16L), (4120, 16L), (4121, 16L))
3g_g3_1sku	6902083881559	1	1	1536830771	0	1536830773	0	((4119, 8L), (4120, 8L), (4121, 8L))
3g_g3_1sku	6902083881559	1	2	1536830774	0	1536830776	0	((4119, 8L), (4120, 9L), (4121, 9L))
3g_g3_1sku	6902083881559	1	1	1536830780	0	1536830782	0	((4119, 7L), (4120, 8L), (4121, 8L))
3g_g3_1sku	6902083881559	1	2	1536830782	0	1536830785	0	((4119, 16L), (4120, 16L), (4121, 16L))
3g_g3_1sku	6902083881559	1	1	1536830789	0	1536830792	0	((4119, 16L), (4120, 16L), (4121, 16L))
3g_g3_1sku	6902083881559	1	2	1536830792	0	1536830795	0	((4119, 16L), (4120, 16L), (4121, 16L))
3g_g3_1sku	6902083881559	1	1	1536830801	0	1536830804	0	((4119, 16L), (4120, 16L), (4121, 17L))
3g_g3_1sku	6902083881559	1	2	1536830804	0	1536830806	0	((4119, 9L), (4120, 8L), (4121, 8L))
3g_g3_1sku	6902083881559	1	1	1536830810	0	1536830812	0	((4119, 8L), (4120, 8L), (4121, 8L))
3g_g3_1sku	6902083881559	1	2	1536830813	0	1536830815	0	((4119, 8L), (4120, 9L), (4121, 8L))
3g_g3_1sku	6902083881559	1	1	1536830838	0	1536830841	0	((4119, 16L), (4120, 17L), (4121, 16L))
3g_g3_1sku	6902083881559	1	2	1536830842	0	1536830844	0	((4119, 7L), (4120, 8L), (4121, 9L))
3g_g3_1sku	6902083881559	1	1	1536830847	0	1536830849	0	((4119, 8L), (4120, 9L), (4121, 8L))
3g_g3_1sku	6902083881559	1	2	1536830850	0	1536830852	0	((4119, 8L), (4120, 8L), (4121, 8L))
3g_g3_1sku	6902083881559	1	1	1536830855	0	1536830858	0	((4119, 16L), (4120, 16L), (4121, 16L))
3g_g3_1sku	6902083881559	1	2	1536830859	0	1536830861	0	((4119, 8L), (4120, 9L), (4121, 8L))
3g_g3_1sku	6902083881559	1	1	1536830863	0	1536830866	0	((4119, 15L), (4120, 16L), (4121, 16L))
3g_g3_1sku	6902083881559	1	2	1536830866	0	1536830869	0	((4119, 16L), (4120, 17L), (4121, 16L))
3g_g3_1sku	6902083881559	1	1	1536830872	0	1536830874	0	((4119, 8L), (4120, 8L), (4121, 8L))
3g_g3_1sku	6902083881559	1	2	1536830875	0	1536830877	0	((4119, 8L), (4120, 8L), (4121, 8L))
3g_g3_1sku	6902083881559	1	1	1536830880	0	1536830883	0	((4119, 16L), (4120, 16L), (4121, 16L))
3g_g3_1sku	6902083881559	1	2	1536830883	0	1536830886	0	((4119, 16L), (4120, 17L), (4121, 16L))
