3g_c2_2sku	6954767410586	1	1	1536734879	0	1536734883	0	((4119, 24L), (4120, 24L), (4121, 24L))
3g_c2_2sku	6954767410586	1	2	1536734883	0	1536734887	0	((4119, 24L), (4120, 25L), (4121, 23L))
3g_c2_2sku	6954767410586	1	1	1536734890	0	1536734892	0	((4119, 9L), (4120, 8L), (4121, 8L))
3g_c2_2sku	6954767410586	1	2	1536734893	0	1536734896	0	((4119, 16L), (4120, 16L), (4121, 16L))
3g_c2_2sku	6954767410586	1	1	1536734898	0	1536734902	0	((4119, 24L), (4120, 24L), (4121, 24L))
3g_c2_2sku	6954767410586	1	2	1536734902	0	1536734906	0	((4119, 25L), (4120, 24L), (4121, 24L))
3g_c2_2sku	6954767410586	1	1	1536734946	0	1536734949	0	((4119, 16L), (4120, 16L), (4121, 16L))
3g_c2_2sku	6954767410586	1	2	1536734950	0	1536734954	0	((4119, 25L), (4120, 25L), (4121, 24L))
3g_c2_2sku	6954767410586	1	1	1536734957	0	1536734959	0	((4119, 8L), (4120, 8L), (4121, 8L))
3g_c2_2sku	6954767410586	1	2	1536734960	0	1536734963	0	((4119, 17L), (4120, 17L), (4121, 15L))
3g_c2_2sku	6954767410586	1	1	1536734966	0	1536734969	0	((4119, 16L), (4120, 16L), (4121, 16L))
3g_c2_2sku	6954767410586	1	2	1536734969	0	1536734974	0	((4119, 33L), (4120, 33L), (4121, 32L))
3g_c2_2sku	6954767410586	1	1	1536735003	0	1536735007	0	((4119, 25L), (4120, 24L), (4121, 24L))
3g_c2_2sku	6954767410586	1	2	1536735007	0	1536735011	0	((4119, 24L), (4120, 24L), (4121, 24L))
3g_c2_2sku	6954767410586	1	1	1536735015	0	1536735017	0	((4119, 8L), (4120, 8L), (4121, 8L))
3g_c2_2sku	6954767410586	1	2	1536735018	0	1536735021	0	((4119, 16L), (4120, 16L), (4121, 16L))
3g_c2_2sku	6954767410586	1	1	1536735024	0	1536735027	0	((4119, 16L), (4120, 15L), (4121, 16L))
3g_c2_2sku	6954767410586	1	2	1536735027	0	1536735031	0	((4119, 25L), (4120, 24L), (4121, 24L))
