3g_l1_2sku	6940517512235	1	1	1536807455	0	1536807459	0	((4119, 24L), (4120, 25L), (4121, 25L))
3g_l1_2sku	6940517512235	1	2	1536807459	0	1536807462	0	((4119, 16L), (4120, 16L), (4121, 16L))
3g_l1_2sku	6940517512235	1	1	1536807465	0	1536807467	0	((4119, 8L), (4120, 9L), (4121, 8L))
3g_l1_2sku	6940517512235	1	2	1536807468	0	1536807470	0	((4119, 8L), (4120, 8L), (4121, 9L))
3g_l1_2sku	6940517512235	1	1	1536807474	0	1536807476	0	((4119, 8L), (4120, 8L), (4121, 8L))
3g_l1_2sku	6940517512235	1	2	1536807477	0	1536807479	0	((4119, 8L), (4120, 8L), (4121, 8L))
3g_l1_2sku	6940517512235	1	1	1536807552	0	1536807555	0	((4119, 16L), (4120, 16L), (4121, 16L))
3g_l1_2sku	6940517512235	1	2	1536807556	0	1536807558	0	((4119, 8L), (4120, 8L), (4121, 8L))
3g_l1_2sku	6940517512235	1	1	1536807561	0	1536807564	0	((4119, 16L), (4120, 16L), (4121, 16L))
3g_l1_2sku	6940517512235	1	2	1536807565	0	1536807567	0	((4119, 9L), (4120, 8L), (4121, 8L))
3g_l1_2sku	6940517512235	1	1	1536807569	0	1536807572	0	((4119, 16L), (4120, 17L), (4121, 16L))
3g_l1_2sku	6940517512235	1	2	1536807573	0	1536807575	0	((4119, 8L), (4120, 8L), (4121, 8L))
3g_l1_2sku	6940517512235	1	1	1536807646	0	1536807648	0	((4119, 8L), (4120, 8L), (4121, 8L))
3g_l1_2sku	6940517512235	1	2	1536807649	0	1536807652	0	((4119, 15L), (4120, 16L), (4121, 16L))
3g_l1_2sku	6940517512235	1	1	1536807655	0	1536807657	0	((4119, 8L), (4120, 8L), (4121, 8L))
3g_l1_2sku	6940517512235	1	2	1536807658	0	1536807660	0	((4119, 8L), (4120, 8L), (4121, 8L))
3g_l1_2sku	6940517512235	1	1	1536807663	0	1536807667	0	((4119, 24L), (4120, 25L), (4121, 24L))
3g_l1_2sku	6940517512235	1	2	1536807667	0	1536807671	0	((4119, 24L), (4120, 24L), (4121, 24L))
