3g_f1_2sku	6921168593569	1	1	1536744353	0	1536744357	0	((4119, 25L), (4120, 25L), (4121, 14L))
3g_f1_2sku	6921168593569	1	2	1536744358	0	1536744362	0	((4119, 24L), (4120, 25L), (4121, 16L))
3g_f1_2sku	6921168593569	1	1	1536744363	0	1536744370	0	((4119, 48L), (4120, 49L), (4121, 18L))
3g_f1_2sku	6921168593569	1	2	1536744370	0	1536744373	0	((4119, 17L), (4120, 17L), (4121, 3L))
3g_f1_2sku	6921168593569	1	1	1536744381	0	1536744384	0	((4119, 16L), (4120, 16L), (4121, 12L))
3g_f1_2sku	6921168593569	1	2	1536744384	0	1536744388	0	((4119, 24L), (4120, 25L), (4121, 9L))
3g_f1_2sku	6921168593569	1	1	1536744418	0	1536744422	0	((4119, 24L), (4120, 25L), (4121, 13L))
3g_f1_2sku	6921168593569	1	2	1536744422	0	1536744426	0	((4119, 25L), (4120, 25L), (4121, 11L))
3g_f1_2sku	6921168593569	1	1	1536744429	0	1536744431	0	((4119, 8L), (4120, 8L), (4121, 5L))
3g_f1_2sku	6921168593569	1	2	1536744432	0	1536744435	0	((4119, 17L), (4120, 16L), (4121, 8L))
3g_f1_2sku	6921168593569	1	1	1536744439	0	1536744441	0	((4119, 8L), (4120, 8L), (4121, 7L))
3g_f1_2sku	6921168593569	1	2	1536744442	0	1536744444	0	((4119, 8L), (4120, 8L), (4121, 2L))
3g_f1_2sku	6921168593569	1	1	1536744483	0	1536744487	0	((4119, 24L), (4120, 24L), (4121, 11L))
3g_f1_2sku	6921168593569	1	2	1536744488	0	1536744491	0	((4119, 17L), (4120, 17L), (4121, 6L))
3g_f1_2sku	6921168593569	1	1	1536744495	0	1536744499	0	((4119, 25L), (4120, 25L), (4121, 18L))
3g_f1_2sku	6921168593569	1	2	1536744499	0	1536744503	0	((4119, 25L), (4120, 25L), (4121, 5L))
3g_f1_2sku	6921168593569	1	1	1536744509	0	1536744513	0	((4119, 24L), (4120, 25L), (4121, 12L))
3g_f1_2sku	6921168593569	1	2	1536744514	0	1536744517	0	((4119, 16L), (4120, 16L), (4121, 8L))
