3g_g4_1sku	6903102100125	1	1	1536635205	0	1536635209	0	((4119, 24L), (4120, 24L), (4121, 24L))
3g_g4_1sku	6903102100125	1	2	1536635209	0	1536635212	0	((4119, 17L), (4120, 16L), (4121, 16L))
3g_g4_1sku	6903102100125	1	1	1536635216	0	1536635218	0	((4119, 8L), (4120, 8L), (4121, 8L))
3g_g4_1sku	6903102100125	1	2	1536635219	0	1536635221	0	((4119, 8L), (4120, 8L), (4121, 8L))
3g_g4_1sku	6903102100125	1	1	1536635224	0	1536635226	0	((4119, 8L), (4120, 8L), (4121, 8L))
3g_g4_1sku	6903102100125	1	2	1536635226	0	1536635228	0	((4119, 9L), (4120, 8L), (4121, 8L))
3g_g4_1sku	6903102100125	1	1	1536635230	0	1536635234	0	((4119, 25L), (4120, 25L), (4121, 24L))
3g_g4_1sku	6903102100125	1	2	1536635234	0	1536635237	0	((4119, 17L), (4120, 16L), (4121, 16L))
3g_g4_1sku	6903102100125	1	1	1536635241	0	1536635243	0	((4119, 9L), (4120, 8L), (4121, 8L))
3g_g4_1sku	6903102100125	1	2	1536635243	0	1536635246	0	((4119, 16L), (4120, 17L), (4121, 16L))
3g_g4_1sku	6903102100125	1	1	1536635249	0	1536635251	0	((4119, 8L), (4120, 8L), (4121, 8L))
3g_g4_1sku	6903102100125	1	2	1536635251	0	1536635254	0	((4119, 16L), (4120, 16L), (4121, 16L))
3g_g4_1sku	6903102100125	1	1	1536635318	0	1536635322	0	((4119, 25L), (4120, 24L), (4121, 24L))
3g_g4_1sku	6903102100125	1	2	1536635322	0	1536635325	0	((4119, 16L), (4120, 16L), (4121, 16L))
3g_g4_1sku	6903102100125	1	1	1536635327	0	1536635329	0	((4119, 9L), (4120, 8L), (4121, 8L))
3g_g4_1sku	6903102100125	1	2	1536635330	0	1536635332	0	((4119, 8L), (4120, 9L), (4121, 8L))
3g_g4_1sku	6903102100125	1	1	1536635335	0	1536635337	0	((4119, 8L), (4120, 8L), (4121, 8L))
3g_g4_1sku	6903102100125	1	2	1536635337	0	1536635340	0	((4119, 17L), (4120, 16L), (4121, 15L))
3g_g4_1sku	6903102100125	1	1	1536635343	0	1536635345	0	((4119, 8L), (4120, 8L), (4121, 8L))
3g_g4_1sku	6903102100125	1	2	1536635345	0	1536635350	0	((4119, 32L), (4120, 33L), (4121, 32L))
3g_g4_1sku	6903102100125	1	1	1536635352	0	1536635355	0	((4119, 16L), (4120, 16L), (4121, 16L))
3g_g4_1sku	6903102100125	1	2	1536635358	0	1536635362	0	((4119, 24L), (4120, 25L), (4121, 24L))
3g_g4_1sku	6903102100125	1	1	1536635366	0	1536635370	0	((4119, 24L), (4120, 25L), (4121, 24L))
3g_g4_1sku	6903102100125	1	2	1536635371	0	1536635373	0	((4119, 7L), (4120, 8L), (4121, 8L))
3g_g4_1sku	6903102100125	1	1	1536635413	0	1536635416	0	((4119, 17L), (4120, 16L), (4121, 16L))
3g_g4_1sku	6903102100125	1	2	1536635417	0	1536635419	0	((4119, 8L), (4120, 8L), (4121, 8L))
3g_g4_1sku	6903102100125	1	1	1536635423	0	1536635426	0	((4119, 17L), (4120, 16L), (4121, 17L))
3g_g4_1sku	6903102100125	1	2	1536635426	0	1536635429	0	((4119, 16L), (4120, 17L), (4121, 16L))
3g_g4_1sku	6903102100125	1	1	1536635431	0	1536635434	0	((4119, 16L), (4120, 17L), (4121, 16L))
3g_g4_1sku	6903102100125	1	2	1536635434	0	1536635437	0	((4119, 16L), (4120, 17L), (4121, 16L))
3g_g4_1sku	6903102100125	1	1	1536635440	0	1536635442	0	((4119, 8L), (4120, 9L), (4121, 8L))
3g_g4_1sku	6903102100125	1	2	1536635442	0	1536635447	0	((4119, 32L), (4120, 33L), (4121, 32L))
3g_g4_1sku	6903102100125	1	1	1536635451	0	1536635453	0	((4119, 7L), (4120, 8L), (4121, 8L))
3g_g4_1sku	6903102100125	1	2	1536635453	0	1536635456	0	((4119, 16L), (4120, 16L), (4121, 16L))
3g_g4_1sku	6903102100125	1	1	1536635460	0	1536635463	0	((4119, 17L), (4120, 16L), (4121, 16L))
3g_g4_1sku	6903102100125	1	2	1536635463	0	1536635466	0	((4119, 16L), (4120, 17L), (4121, 16L))
