3g_f2_1sku	6925303754952	1	1	1536633238	0	1536633241	0	((4119, 16L), (4120, 16L), (4121, 16L))
3g_f2_1sku	6925303754952	1	2	1536633241	0	1536633243	0	((4119, 8L), (4120, 8L), (4121, 8L))
3g_f2_1sku	6925303754952	1	1	1536633245	0	1536633249	0	((4119, 25L), (4120, 24L), (4121, 24L))
3g_f2_1sku	6925303754952	1	2	1536633249	0	1536633251	0	((4119, 8L), (4120, 8L), (4121, 8L))
3g_f2_1sku	6925303754952	1	1	1536633253	0	1536633256	0	((4119, 16L), (4120, 16L), (4121, 17L))
3g_f2_1sku	6925303754952	1	2	1536633256	0	1536633258	0	((4119, 9L), (4120, 8L), (4121, 8L))
3g_f2_1sku	6925303754952	1	1	1536633260	0	1536633263	0	((4119, 17L), (4120, 17L), (4121, 16L))
3g_f2_1sku	6925303754952	1	2	1536633263	0	1536633265	0	((4119, 8L), (4120, 8L), (4121, 9L))
3g_f2_1sku	6925303754952	1	1	1536633267	0	1536633269	0	((4119, 8L), (4120, 8L), (4121, 8L))
3g_f2_1sku	6925303754952	1	2	1536633269	0	1536633272	0	((4119, 16L), (4120, 17L), (4121, 17L))
3g_f2_1sku	6925303754952	1	1	1536633274	0	1536633277	0	((4119, 16L), (4120, 16L), (4121, 16L))
3g_f2_1sku	6925303754952	1	2	1536633277	0	1536633279	0	((4119, 9L), (4120, 8L), (4121, 9L))
3g_f2_1sku	6925303754952	1	1	1536633312	0	1536633315	0	((4119, 33L), (4120, 16L), (4121, 16L))
3g_f2_1sku	6925303754952	1	2	1536633315	0	1536633318	0	((4119, 17L), (4120, 17L), (4121, 16L))
3g_f2_1sku	6925303754952	1	1	1536633320	0	1536633323	0	((4119, 21L), (4120, 16L), (4121, 17L))
3g_f2_1sku	6925303754952	1	2	1536633323	0	1536633326	0	((4119, 16L), (4120, 17L), (4121, 16L))
3g_f2_1sku	6925303754952	1	1	1536633328	0	1536633330	0	((4119, 8L), (4120, 8L), (4121, 8L))
3g_f2_1sku	6925303754952	1	2	1536633330	0	1536633332	0	((4119, 8L), (4120, 8L), (4121, 9L))
3g_f2_1sku	6925303754952	1	1	1536633335	0	1536633337	0	((4119, 8L), (4120, 8L), (4121, 9L))
3g_f2_1sku	6925303754952	1	2	1536633337	0	1536633340	0	((4119, 16L), (4120, 17L), (4121, 16L))
3g_f2_1sku	6925303754952	1	1	1536633342	0	1536633344	0	((4119, 8L), (4120, 8L), (4121, 8L))
3g_f2_1sku	6925303754952	1	2	1536633344	0	1536633347	0	((4119, 16L), (4120, 16L), (4121, 17L))
3g_f2_1sku	6925303754952	1	1	1536633349	0	1536633352	0	((4119, 16L), (4120, 16L), (4121, 16L))
3g_f2_1sku	6925303754952	1	2	1536633352	0	1536633354	0	((4119, 8L), (4120, 8L), (4121, 8L))
3g_f2_1sku	6925303754952	1	1	1536633400	0	1536633402	0	((4119, 8L), (4120, 8L), (4121, 8L))
3g_f2_1sku	6925303754952	1	2	1536633403	0	1536633405	0	((4119, 8L), (4120, 8L), (4121, 8L))
3g_f2_1sku	6925303754952	1	1	1536633408	0	1536633411	0	((4119, 16L), (4120, 16L), (4121, 16L))
3g_f2_1sku	6925303754952	1	2	1536633411	0	1536633413	0	((4119, 8L), (4120, 8L), (4121, 8L))
3g_f2_1sku	6925303754952	1	1	1536633415	0	1536633417	0	((4119, 8L), (4120, 8L), (4121, 8L))
3g_f2_1sku	6925303754952	1	2	1536633418	0	1536633420	0	((4119, 8L), (4120, 8L), (4121, 8L))
3g_f2_1sku	6925303754952	1	1	1536633423	0	1536633425	0	((4119, 8L), (4120, 8L), (4121, 8L))
3g_f2_1sku	6925303754952	1	2	1536633426	0	1536633428	0	((4119, 8L), (4120, 8L), (4121, 8L))
3g_f2_1sku	6925303754952	1	1	1536633430	0	1536633432	0	((4119, 8L), (4120, 8L), (4121, 8L))
3g_f2_1sku	6925303754952	1	2	1536633432	0	1536633435	0	((4119, 16L), (4120, 16L), (4121, 16L))
3g_f2_1sku	6925303754952	1	1	1536633437	0	1536633440	0	((4119, 17L), (4120, 17L), (4121, 17L))
3g_f2_1sku	6925303754952	1	2	1536633440	0	1536633442	0	((4119, 8L), (4120, 8L), (4121, 8L))
