3g_b2_1sku	6934024590268	1	1	1536822527	0	1536822529	0	((4119, 8L), (4120, 8L), (4121, 8L))
3g_b2_1sku	6934024590268	1	2	1536822530	0	1536822534	0	((4119, 24L), (4120, 25L), (4121, 25L))
3g_b2_1sku	6934024590268	1	1	1536822537	0	1536822539	0	((4119, 8L), (4120, 8L), (4121, 9L))
3g_b2_1sku	6934024590268	1	2	1536822540	0	1536822542	0	((4119, 8L), (4120, 8L), (4121, 8L))
3g_b2_1sku	6934024590268	1	1	1536822545	0	1536822547	0	((4119, 8L), (4120, 8L), (4121, 8L))
3g_b2_1sku	6934024590268	1	2	1536822548	0	1536822551	0	((4119, 16L), (4120, 16L), (4121, 16L))
3g_b2_1sku	6934024590268	1	1	1536822555	0	1536822557	0	((4119, 8L), (4120, 9L), (4121, 8L))
3g_b2_1sku	6934024590268	1	2	1536822558	0	1536822560	0	((4119, 8L), (4120, 8L), (4121, 8L))
3g_b2_1sku	6934024590268	1	1	1536822563	0	1536822565	0	((4119, 8L), (4120, 8L), (4121, 8L))
3g_b2_1sku	6934024590268	1	2	1536822566	0	1536822568	0	((4119, 8L), (4120, 8L), (4121, 8L))
3g_b2_1sku	6934024590268	1	1	1536822571	0	1536822574	0	((4119, 16L), (4120, 16L), (4121, 15L))
3g_b2_1sku	6934024590268	1	2	1536822574	0	1536822577	0	((4119, 16L), (4120, 16L), (4121, 16L))
3g_b2_1sku	6934024590268	1	1	1536822622	0	1536822625	0	((4119, 16L), (4120, 16L), (4121, 16L))
3g_b2_1sku	6934024590268	1	2	1536822626	0	1536822628	0	((4119, 8L), (4120, 8L), (4121, 8L))
3g_b2_1sku	6934024590268	1	1	1536822631	0	1536822631	0	()
3g_b2_1sku	6934024590268	1	2	1536822639	0	1536822642	0	((4119, 15L), (4120, 16L), (4121, 16L))
3g_b2_1sku	6934024590268	1	1	1536822646	0	1536822648	0	((4119, 8L), (4120, 8L), (4121, 8L))
3g_b2_1sku	6934024590268	1	2	1536822649	0	1536822652	0	((4119, 16L), (4120, 16L), (4121, 16L))
3g_b2_1sku	6934024590268	1	1	1536822655	0	1536822657	0	((4119, 8L), (4120, 9L), (4121, 8L))
3g_b2_1sku	6934024590268	1	2	1536822658	0	1536822661	0	((4119, 16L), (4120, 16L), (4121, 15L))
3g_b2_1sku	6934024590268	1	1	1536822664	0	1536822667	0	((4119, 16L), (4120, 15L), (4121, 17L))
3g_b2_1sku	6934024590268	1	2	1536822667	0	1536822670	0	((4119, 16L), (4120, 16L), (4121, 16L))
3g_b2_1sku	6934024590268	1	1	1536822673	0	1536822676	0	((4119, 17L), (4120, 16L), (4121, 16L))
3g_b2_1sku	6934024590268	1	2	1536822676	0	1536822679	0	((4119, 16L), (4120, 17L), (4121, 16L))
3g_b2_1sku	6934024590268	1	1	1536822707	0	1536822710	0	((4119, 16L), (4120, 16L), (4121, 16L))
3g_b2_1sku	6934024590268	1	2	1536822711	0	1536822713	0	((4119, 8L), (4120, 8L), (4121, 8L))
3g_b2_1sku	6934024590268	1	1	1536822716	0	1536822718	0	((4119, 8L), (4120, 8L), (4121, 8L))
3g_b2_1sku	6934024590268	1	2	1536822718	0	1536822721	0	((4119, 16L), (4120, 17L), (4121, 16L))
3g_b2_1sku	6934024590268	1	1	1536822723	0	1536822726	0	((4119, 16L), (4120, 16L), (4121, 16L))
3g_b2_1sku	6934024590268	1	2	1536822726	0	1536822729	0	((4119, 16L), (4120, 16L), (4121, 17L))
3g_b2_1sku	6934024590268	1	1	1536822733	0	1536822735	0	((4119, 8L), (4120, 8L), (4121, 8L))
3g_b2_1sku	6934024590268	1	2	1536822736	0	1536822738	0	((4119, 8L), (4120, 8L), (4121, 8L))
3g_b2_1sku	6934024590268	1	1	1536822741	0	1536822744	0	((4119, 16L), (4120, 17L), (4121, 16L))
3g_b2_1sku	6934024590268	1	2	1536822744	0	1536822747	0	((4119, 16L), (4120, 16L), (4121, 17L))
3g_b2_1sku	6934024590268	1	1	1536822749	0	1536822752	0	((4119, 16L), (4120, 16L), (4121, 16L))
3g_b2_1sku	6934024590268	1	2	1536822752	0	1536822754	0	((4119, 8L), (4120, 9L), (4121, 8L))
