3g_b1_1sku	6955608310058	1	1	1536820152	0	1536820158	0	()
3g_b1_1sku	6955608310058	1	2	1536820159	0	1536820166	0	()
3g_b1_1sku	6955608310058	1	1	1536820174	0	1536820180	0	()
3g_b1_1sku	6955608310058	1	1	1536821136	0	1536821140	0	()
3g_b1_1sku	6955608310058	1	2	1536821141	0	1536821147	0	()
3g_b1_1sku	6955608310058	1	1	1536821153	0	1536821160	0	()
3g_b1_1sku	6955608310058	1	1	1536822003	0	1536822007	0	((4119, 24L), (4120, 8L), (4121, 8L))
3g_b1_1sku	6955608310058	1	2	1536822007	0	1536822013	0	((4119, 40L), (4120, 4L), (4121, 4L))
3g_b1_1sku	6955608310058	1	1	1536822025	0	1536822028	0	((4119, 16L), (4120, 9L), (4121, 10L))
3g_b1_1sku	6955608310058	1	2	1536822029	0	1536822035	0	((4119, 41L), (4120, 16L), (4121, 15L))
3g_b1_1sku	6955608310058	1	1	1536822043	0	1536822046	0	((4119, 16L), (4120, 15L), (4121, 16L))
3g_b1_1sku	6955608310058	1	2	1536822047	0	1536822052	0	((4119, 32L), (4120, 4L), (4121, 5L))
3g_b1_1sku	6955608310058	1	1	1536822061	0	1536822063	0	((4119, 8L), (4120, 6L), (4121, 6L))
3g_b1_1sku	6955608310058	1	2	1536822064	0	1536822069	0	((4119, 32L), (4120, 5L), (4121, 5L))
3g_b1_1sku	6955608310058	1	1	1536822076	0	1536822080	0	((4119, 24L), (4120, 12L), (4121, 13L))
3g_b1_1sku	6955608310058	1	2	1536822081	0	1536822084	0	((4119, 17L), (4120, 3L), (4121, 3L))
3g_b1_1sku	6955608310058	1	1	1536822099	0	1536822102	0	((4119, 16L), (4120, 11L), (4121, 11L))
3g_b1_1sku	6955608310058	1	2	1536822103	0	1536822106	0	((4119, 17L), (4120, 3L), (4121, 3L))
3g_b1_1sku	6955608310058	1	1	1536822148	0	1536822150	0	((4119, 8L),)
3g_b1_1sku	6955608310058	1	2	1536822151	0	1536822161	0	((4119, 73L), (4120, 1L), (4121, 1L))
3g_b1_1sku	6955608310058	1	1	1536822301	0	1536822301	0	()
3g_b1_1sku	6955608310058	1	2	1536822309	0	1536822312	0	((4119, 16L), (4120, 16L), (4121, 16L))
3g_b1_1sku	6955608310058	1	1	1536822318	0	1536822323	0	((4119, 33L), (4120, 32L), (4121, 32L))
3g_b1_1sku	6955608310058	1	2	1536822323	0	1536822327	0	((4119, 24L), (4120, 25L), (4121, 24L))
3g_b1_1sku	6955608310058	1	1	1536822331	0	1536822334	0	((4119, 17L), (4120, 16L), (4121, 16L))
3g_b1_1sku	6955608310058	1	2	1536822335	0	1536822339	0	((4119, 24L), (4120, 24L), (4121, 24L))
3g_b1_1sku	6955608310058	1	1	1536822343	0	1536822345	0	((4119, 8L), (4120, 9L), (4121, 8L))
3g_b1_1sku	6955608310058	1	2	1536822346	0	1536822348	0	((4119, 8L), (4120, 8L), (4121, 8L))
3g_b1_1sku	6955608310058	1	1	1536822353	0	1536822356	0	((4119, 16L), (4120, 16L), (4121, 16L))
3g_b1_1sku	6955608310058	1	2	1536822356	0	1536822359	0	((4119, 17L), (4120, 16L), (4121, 16L))
3g_b1_1sku	6955608310058	1	1	1536822390	0	1536822393	0	((4119, 17L), (4120, 16L), (4121, 16L))
3g_b1_1sku	6955608310058	1	2	1536822394	0	1536822396	0	((4119, 8L), (4120, 8L), (4121, 8L))
3g_b1_1sku	6955608310058	1	1	1536822399	0	1536822401	0	((4119, 8L), (4120, 8L), (4121, 8L))
3g_b1_1sku	6955608310058	1	2	1536822402	0	1536822404	0	((4119, 8L), (4120, 9L), (4121, 8L))
3g_b1_1sku	6955608310058	1	1	1536822407	0	1536822409	0	((4119, 8L), (4120, 8L), (4121, 8L))
3g_b1_1sku	6955608310058	1	2	1536822410	0	1536822413	0	((4119, 16L), (4120, 16L), (4121, 16L))
3g_b1_1sku	6955608310058	1	1	1536822415	0	1536822418	0	((4119, 16L), (4120, 16L), (4121, 16L))
3g_b1_1sku	6955608310058	1	2	1536822419	0	1536822421	0	((4119, 8L), (4120, 8L), (4121, 8L))
3g_b1_1sku	6955608310058	1	1	1536822424	0	1536822427	0	((4119, 16L), (4120, 16L), (4121, 16L))
3g_b1_1sku	6955608310058	1	2	1536822428	0	1536822430	0	((4119, 8L), (4120, 8L), (4121, 8L))
3g_b1_1sku	6955608310058	1	1	1536822507	0	1536822507	0	()
3g_b1_1sku	6955608310058	1	2	1536822511	0	1536822511	0	()
