3g_d2_2sku	6901898886636	1	1	1536737547	0	1536737550	0	()
3g_d2_2sku	6901898886636	1	2	1536737551	0	1536737555	0	()
3g_d2_2sku	6901898886636	1	1	1536737748	0	1536737749	0	()
3g_d2_2sku	6901898886636	1	1	1536738104	0	1536738107	0	((4119, 17L), (4120, 16L), (4121, 18L))
3g_d2_2sku	6901898886636	1	2	1536738108	0	1536738116	0	((4119, 57L), (4120, 58L), (4121, 29L))
3g_d2_2sku	6901898886636	1	1	1536738124	0	1536738127	0	((4119, 16L), (4120, 16L), (4121, 12L))
3g_d2_2sku	6901898886636	1	2	1536738127	0	1536738130	0	()
3g_d2_2sku	6901898886636	1	1	1536738134	0	1536738138	0	()
3g_d2_2sku	6901898886636	1	1	1536738392	0	1536738395	0	((4119, 16L), (4120, 16L), (4121, 12L))
3g_d2_2sku	6901898886636	1	2	1536738395	0	1536738400	0	((4119, 33L), (4120, 33L), (4121, 28L))
3g_d2_2sku	6901898886636	1	1	1536738411	0	1536738414	0	((4119, 15L), (4120, 16L), (4121, 10L))
3g_d2_2sku	6901898886636	1	2	1536738415	0	1536738418	0	((4119, 16L), (4120, 16L), (4121, 9L))
3g_d2_2sku	6901898886636	1	1	1536738422	0	1536738425	0	((4119, 16L), (4120, 16L), (4121, 17L))
3g_d2_2sku	6901898886636	1	2	1536738426	0	1536738428	0	((4119, 8L), (4120, 8L), (4121, 2L))
3g_d2_2sku	6901898886636	1	1	1536738478	0	1536738481	0	((4119, 16L), (4120, 17L), (4121, 14L))
3g_d2_2sku	6901898886636	1	2	1536738481	0	1536738484	0	((4119, 16L), (4120, 16L), (4121, 9L))
3g_d2_2sku	6901898886636	1	1	1536738487	0	1536738501	0	()
3g_d2_2sku	6901898886636	1	1	1536739402	0	1536739406	0	((4119, 25L), (4120, 24L), (4121, 10L))
3g_d2_2sku	6901898886636	1	2	1536739410	0	1536739412	0	((4119, 8L), (4120, 8L), (4121, 9L))
3g_d2_2sku	6901898886636	1	1	1536739426	0	1536739428	0	((4119, 8L), (4120, 8L), (4121, 2L))
3g_d2_2sku	6901898886636	1	2	1536739429	0	1536739433	0	()
3g_d2_2sku	6901898886636	1	1	1536740586	0	1536740589	0	((4119, 17L), (4120, 16L), (4121, 7L))
3g_d2_2sku	6901898886636	1	2	1536740590	0	1536740593	0	((4119, 16L), (4120, 16L), (4121, 11L))
3g_d2_2sku	6901898886636	1	1	1536740597	0	1536740600	0	((4119, 16L), (4120, 16L), (4121, 15L))
3g_d2_2sku	6901898886636	1	2	1536740600	0	1536740605	0	((4119, 33L), (4120, 33L), (4121, 32L))
3g_d2_2sku	6901898886636	1	1	1536740607	0	1536740610	0	((4119, 17L), (4120, 16L), (4121, 17L))
3g_d2_2sku	6901898886636	1	2	1536740610	0	1536740614	0	((4119, 24L), (4120, 25L), (4121, 25L))
3g_d2_2sku	6901898886636	1	1	1536740643	0	1536740647	0	((4119, 25L), (4120, 24L), (4121, 20L))
3g_d2_2sku	6901898886636	1	2	1536740648	0	1536740652	0	((4119, 24L), (4120, 24L), (4121, 19L))
3g_d2_2sku	6901898886636	1	1	1536740654	0	1536740657	0	((4119, 16L), (4120, 16L), (4121, 18L))
3g_d2_2sku	6901898886636	1	2	1536740657	0	1536740661	0	((4119, 24L), (4120, 24L), (4121, 22L))
3g_d2_2sku	6901898886636	1	1	1536740664	0	1536740667	0	((4119, 16L), (4120, 16L), (4121, 17L))
3g_d2_2sku	6901898886636	1	2	1536740667	0	1536740671	0	((4119, 24L), (4120, 24L), (4121, 20L))
3g_d2_2sku	6901898886636	1	1	1536740701	0	1536740705	0	((4119, 25L), (4120, 24L), (4121, 10L))
3g_d2_2sku	6901898886636	1	2	1536740706	0	1536740709	0	((4119, 16L), (4120, 16L), (4121, 10L))
3g_d2_2sku	6901898886636	1	1	1536740712	0	1536740715	0	((4119, 16L), (4120, 16L), (4121, 17L))
3g_d2_2sku	6901898886636	1	2	1536740715	0	1536740719	0	((4119, 25L), (4120, 24L), (4121, 19L))
3g_d2_2sku	6901898886636	1	1	1536740721	0	1536740724	0	((4119, 16L), (4120, 16L), (4121, 18L))
3g_d2_2sku	6901898886636	1	2	1536740725	0	1536740728	0	((4119, 17L), (4120, 16L), (4121, 12L))
