3g_c3_2sku	6956416205734	1	1	1536735087	0	1536735092	0	((4119, 32L), (4120, 32L), (4121, 32L))
3g_c3_2sku	6956416205734	1	2	1536735092	0	1536735097	0	((4119, 33L), (4120, 33L), (4121, 31L))
3g_c3_2sku	6956416205734	1	1	1536735100	0	1536735102	0	((4119, 9L), (4120, 8L), (4121, 8L))
3g_c3_2sku	6956416205734	1	2	1536735103	0	1536735106	0	((4119, 16L), (4120, 16L), (4121, 16L))
3g_c3_2sku	6956416205734	1	1	1536735109	0	1536735112	0	((4119, 16L), (4120, 16L), (4121, 16L))
3g_c3_2sku	6956416205734	1	2	1536735112	0	1536735115	0	((4119, 16L), (4120, 16L), (4121, 16L))
3g_c3_2sku	6956416205734	1	1	1536735152	0	1536735156	0	((4119, 25L), (4120, 24L), (4121, 23L))
3g_c3_2sku	6956416205734	1	2	1536735157	0	1536735161	0	((4119, 24L), (4120, 24L), (4121, 24L))
3g_c3_2sku	6956416205734	1	1	1536735164	0	1536735167	0	((4119, 16L), (4120, 16L), (4121, 16L))
3g_c3_2sku	6956416205734	1	2	1536735167	0	1536735170	0	((4119, 16L), (4120, 16L), (4121, 16L))
3g_c3_2sku	6956416205734	1	1	1536735173	0	1536735175	0	((4119, 8L), (4120, 8L), (4121, 8L))
3g_c3_2sku	6956416205734	1	2	1536735176	0	1536735178	0	((4119, 8L), (4120, 8L), (4121, 8L))
3g_c3_2sku	6956416205734	1	1	1536735207	0	1536735210	0	((4119, 16L), (4120, 16L), (4121, 17L))
3g_c3_2sku	6956416205734	1	2	1536735210	0	1536735213	0	((4119, 16L), (4120, 16L), (4121, 16L))
3g_c3_2sku	6956416205734	1	1	1536735216	0	1536735219	0	((4119, 16L), (4120, 16L), (4121, 16L))
3g_c3_2sku	6956416205734	1	2	1536735219	0	1536735222	0	((4119, 17L), (4120, 16L), (4121, 16L))
3g_c3_2sku	6956416205734	1	1	1536735225	0	1536735228	0	((4119, 16L), (4120, 16L), (4121, 16L))
3g_c3_2sku	6956416205734	1	2	1536735229	0	1536735232	0	((4119, 16L), (4120, 16L), (4121, 17L))
