3g_a3_1sku	6959764600510	1	1	1536655357	0	1536655359	0	((4119, 8L), (4120, 8L), (4121, 8L))
3g_a3_1sku	6959764600510	1	2	1536655360	0	1536655362	0	((4119, 8L), (4120, 8L), (4121, 8L))
3g_a3_1sku	6959764600510	1	1	1536655364	0	1536655366	0	((4119, 9L), (4120, 8L), (4121, 8L))
3g_a3_1sku	6959764600510	1	2	1536655366	0	1536655369	0	((4119, 16L), (4120, 17L), (4121, 17L))
3g_a3_1sku	6959764600510	1	1	1536655371	0	1536655373	0	((4119, 8L), (4120, 8L), (4121, 8L))
3g_a3_1sku	6959764600510	1	2	1536655373	0	1536655375	0	((4119, 8L), (4120, 8L), (4121, 8L))
3g_a3_1sku	6959764600510	1	1	1536655378	0	1536655382	0	((4119, 24L), (4120, 25L), (4121, 24L))
3g_a3_1sku	6959764600510	1	2	1536655382	0	1536655384	0	((4119, 8L), (4120, 8L), (4121, 8L))
3g_a3_1sku	6959764600510	1	1	1536655387	0	1536655389	0	((4119, 8L), (4120, 8L), (4121, 9L))
3g_a3_1sku	6959764600510	1	2	1536655389	0	1536655391	0	((4119, 8L), (4120, 8L), (4121, 8L))
3g_a3_1sku	6959764600510	1	1	1536655394	0	1536655396	0	((4119, 9L), (4120, 9L), (4121, 8L))
3g_a3_1sku	6959764600510	1	2	1536655396	0	1536655402	0	((4119, 41L), (4120, 41L), (4121, 41L))
3g_a3_1sku	6959764600510	1	1	1536655449	0	1536655451	0	((4119, 8L), (4120, 8L), (4121, 8L))
3g_a3_1sku	6959764600510	1	2	1536655452	0	1536655454	0	((4119, 8L), (4120, 8L), (4121, 8L))
3g_a3_1sku	6959764600510	1	1	1536655457	0	1536655460	0	((4119, 17L), (4120, 17L), (4121, 16L))
3g_a3_1sku	6959764600510	1	2	1536655460	0	1536655462	0	((4119, 9L), (4120, 8L), (4121, 8L))
3g_a3_1sku	6959764600510	1	1	1536655464	0	1536655466	0	((4119, 8L), (4120, 9L), (4121, 9L))
3g_a3_1sku	6959764600510	1	2	1536655467	0	1536655469	0	((4119, 7L), (4120, 8L), (4121, 8L))
3g_a3_1sku	6959764600510	1	1	1536655471	0	1536655474	0	((4119, 16L), (4120, 16L), (4121, 16L))
3g_a3_1sku	6959764600510	1	2	1536655474	0	1536655476	0	((4119, 8L), (4120, 8L), (4121, 8L))
3g_a3_1sku	6959764600510	1	1	1536655478	0	1536655480	0	((4119, 8L), (4120, 8L), (4121, 8L))
3g_a3_1sku	6959764600510	1	2	1536655481	0	1536655483	0	((4119, 8L), (4120, 7L), (4121, 8L))
3g_a3_1sku	6959764600510	1	1	1536655485	0	1536655487	0	((4119, 8L), (4120, 8L), (4121, 8L))
3g_a3_1sku	6959764600510	1	2	1536655488	0	1536655490	0	((4119, 8L), (4120, 8L), (4121, 7L))
3g_a3_1sku	6959764600510	1	1	1536655523	0	1536655525	0	((4119, 9L), (4120, 8L), (4121, 8L))
3g_a3_1sku	6959764600510	1	2	1536655525	0	1536655527	0	((4119, 8L), (4120, 8L), (4121, 9L))
3g_a3_1sku	6959764600510	1	1	1536655529	0	1536655531	0	((4119, 8L), (4120, 8L), (4121, 8L))
3g_a3_1sku	6959764600510	1	2	1536655532	0	1536655534	0	((4119, 8L), (4120, 8L), (4121, 8L))
3g_a3_1sku	6959764600510	1	1	1536655536	0	1536655537	0	()
3g_a3_1sku	6959764600510	1	2	1536655538	0	1536655541	0	((4119, 16L), (4120, 16L), (4121, 16L))
3g_a3_1sku	6959764600510	1	1	1536655543	0	1536655545	0	((4119, 8L), (4120, 9L), (4121, 8L))
3g_a3_1sku	6959764600510	1	2	1536655545	0	1536655548	0	((4119, 17L), (4120, 17L), (4121, 15L))
3g_a3_1sku	6959764600510	1	1	1536655550	0	1536655552	0	((4119, 8L), (4120, 8L), (4121, 8L))
3g_a3_1sku	6959764600510	1	2	1536655554	0	1536655556	0	((4119, 8L), (4120, 9L), (4121, 8L))
3g_a3_1sku	6959764600510	1	1	1536655559	0	1536655561	0	((4119, 8L), (4120, 8L), (4121, 8L))
3g_a3_1sku	6959764600510	1	2	1536655561	0	1536655564	0	((4119, 16L), (4120, 16L), (4121, 16L))
