3g_e3_2sku	6921168593613	1	1	1536743975	0	1536743979	0	((4119, 24L), (4120, 25L), (4121, 10L))
3g_e3_2sku	6921168593613	1	2	1536743979	0	1536743983	0	((4119, 25L), (4120, 24L), (4121, 11L))
3g_e3_2sku	6921168593613	1	1	1536743985	0	1536743988	0	((4119, 16L), (4120, 16L), (4121, 14L))
3g_e3_2sku	6921168593613	1	2	1536743988	0	1536743992	0	((4119, 25L), (4120, 25L), (4121, 17L))
3g_e3_2sku	6921168593613	1	1	1536743994	0	1536743998	0	((4119, 24L), (4120, 24L), (4121, 19L))
3g_e3_2sku	6921168593613	1	2	1536743998	0	1536744003	0	((4119, 32L), (4120, 33L), (4121, 10L))
3g_e3_2sku	6921168593613	1	1	1536744031	0	1536744035	0	((4119, 24L), (4120, 24L), (4121, 11L))
3g_e3_2sku	6921168593613	1	2	1536744035	0	1536744038	0	((4119, 16L), (4120, 16L), (4121, 5L))
3g_e3_2sku	6921168593613	1	1	1536744042	0	1536744045	0	((4119, 16L), (4120, 16L), (4121, 12L))
3g_e3_2sku	6921168593613	1	2	1536744045	0	1536744049	0	((4119, 25L), (4120, 24L), (4121, 16L))
3g_e3_2sku	6921168593613	1	1	1536744052	0	1536744055	0	((4119, 16L), (4120, 16L), (4121, 12L))
3g_e3_2sku	6921168593613	1	2	1536744055	0	1536744059	0	((4119, 25L), (4120, 24L), (4121, 18L))
3g_e3_2sku	6921168593613	1	1	1536744085	0	1536744107	0	((4119, 170L), (4120, 171L), (4121, 23L))
3g_e3_2sku	6921168593613	1	2	1536744107	0	1536744111	0	((4119, 25L), (4120, 24L), (4121, 12L))
3g_e3_2sku	6921168593613	1	1	1536744115	0	1536744118	0	((4119, 16L), (4120, 16L), (4121, 13L))
3g_e3_2sku	6921168593613	1	2	1536744118	0	1536744122	0	((4119, 25L), (4120, 24L), (4121, 13L))
3g_e3_2sku	6921168593613	1	1	1536744127	0	1536744130	0	((4119, 16L), (4120, 16L), (4121, 10L))
3g_e3_2sku	6921168593613	1	2	1536744130	0	1536744134	0	((4119, 25L), (4120, 25L), (4121, 12L))
