3g_g4_1sku	6923450662021	1	1	1536830942	0	1536830945	0	((4119, 17L), (4120, 16L), (4121, 16L))
3g_g4_1sku	6923450662021	1	2	1536830946	0	1536830948	0	((4119, 8L), (4120, 8L), (4121, 7L))
3g_g4_1sku	6923450662021	1	1	1536830951	0	1536830953	0	((4119, 7L), (4120, 8L), (4121, 8L))
3g_g4_1sku	6923450662021	1	2	1536830954	0	1536830956	0	((4119, 8L), (4120, 8L), (4121, 8L))
3g_g4_1sku	6923450662021	1	1	1536830959	0	1536830961	0	((4119, 8L), (4120, 8L), (4121, 9L))
3g_g4_1sku	6923450662021	1	2	1536830961	0	1536830964	0	((4119, 16L), (4120, 17L), (4121, 15L))
3g_g4_1sku	6923450662021	1	1	1536830968	0	1536830970	0	((4119, 8L), (4120, 8L), (4121, 8L))
3g_g4_1sku	6923450662021	1	2	1536830971	0	1536830973	0	((4119, 8L), (4120, 8L), (4121, 8L))
3g_g4_1sku	6923450662021	1	1	1536830977	0	1536830979	0	((4119, 8L), (4120, 8L), (4121, 8L))
3g_g4_1sku	6923450662021	1	2	1536830981	0	1536830983	0	((4119, 8L), (4120, 8L), (4121, 8L))
3g_g4_1sku	6923450662021	1	1	1536830986	0	1536830989	0	((4119, 17L), (4120, 16L), (4121, 16L))
3g_g4_1sku	6923450662021	1	2	1536830990	0	1536830992	0	((4119, 8L), (4120, 8L), (4121, 8L))
3g_g4_1sku	6923450662021	1	1	1536831016	0	1536831018	0	((4119, 8L), (4120, 8L), (4121, 9L))
3g_g4_1sku	6923450662021	1	2	1536831019	0	1536831021	0	((4119, 8L), (4120, 8L), (4121, 8L))
3g_g4_1sku	6923450662021	1	1	1536831025	0	1536831027	0	((4119, 9L), (4120, 8L), (4121, 8L))
3g_g4_1sku	6923450662021	1	2	1536831028	0	1536831030	0	((4119, 8L), (4120, 8L), (4121, 8L))
3g_g4_1sku	6923450662021	1	1	1536831032	0	1536831035	0	((4119, 17L), (4120, 16L), (4121, 16L))
3g_g4_1sku	6923450662021	1	2	1536831036	0	1536831037	0	()
3g_g4_1sku	6923450662021	1	1	1536831041	0	1536831043	0	((4119, 8L), (4120, 8L), (4121, 8L))
3g_g4_1sku	6923450662021	1	2	1536831044	0	1536831047	0	((4119, 16L), (4120, 16L), (4121, 16L))
3g_g4_1sku	6923450662021	1	1	1536831051	0	1536831053	0	((4119, 7L), (4120, 8L), (4121, 8L))
3g_g4_1sku	6923450662021	1	2	1536831054	0	1536831056	0	((4119, 8L), (4120, 8L), (4121, 8L))
3g_g4_1sku	6923450662021	1	1	1536831060	0	1536831063	0	((4119, 16L), (4120, 16L), (4121, 16L))
3g_g4_1sku	6923450662021	1	2	1536831063	0	1536831065	0	((4119, 8L), (4120, 9L), (4121, 8L))
3g_g4_1sku	6923450662021	1	1	1536831087	0	1536831090	0	((4119, 17L), (4120, 16L), (4121, 17L))
3g_g4_1sku	6923450662021	1	2	1536831090	0	1536831092	0	((4119, 8L), (4120, 8L), (4121, 8L))
3g_g4_1sku	6923450662021	1	1	1536831095	0	1536831099	0	((4119, 24L), (4120, 24L), (4121, 24L))
3g_g4_1sku	6923450662021	1	2	1536831103	0	1536831104	0	()
3g_g4_1sku	6923450662021	1	1	1536831111	0	1536831113	0	((4119, 8L), (4120, 8L), (4121, 8L))
3g_g4_1sku	6923450662021	1	2	1536831113	0	1536831116	0	((4119, 17L), (4120, 16L), (4121, 17L))
3g_g4_1sku	6923450662021	1	1	1536831119	0	1536831122	0	((4119, 17L), (4120, 16L), (4121, 17L))
3g_g4_1sku	6923450662021	1	2	1536831122	0	1536831124	0	((4119, 8L), (4120, 9L), (4121, 8L))
3g_g4_1sku	6923450662021	1	1	1536831128	0	1536831131	0	((4119, 17L), (4120, 16L), (4121, 16L))
3g_g4_1sku	6923450662021	1	2	1536831131	0	1536831134	0	((4119, 16L), (4120, 17L), (4121, 16L))
3g_g4_1sku	6923450662021	1	1	1536831136	0	1536831139	0	((4119, 17L), (4120, 16L), (4121, 16L))
3g_g4_1sku	6923450662021	1	2	1536831139	0	1536831142	0	((4119, 17L), (4120, 17L), (4121, 16L))
