3g_a1_1sku	6920180209601	1	1	1536654585	0	1536654588	0	((4119, 16L), (4120, 16L), (4121, 16L))
3g_a1_1sku	6920180209601	1	2	1536654589	0	1536654591	0	((4119, 8L), (4120, 8L), (4121, 8L))
3g_a1_1sku	6920180209601	1	1	1536654594	0	1536654596	0	((4119, 8L), (4120, 8L), (4121, 7L))
3g_a1_1sku	6920180209601	1	2	1536654596	0	1536654598	0	((4119, 8L), (4120, 8L), (4121, 8L))
3g_a1_1sku	6920180209601	1	1	1536654600	0	1536654602	0	((4119, 9L), (4120, 8L), (4121, 8L))
3g_a1_1sku	6920180209601	1	2	1536654603	0	1536654605	0	((4119, 8L), (4120, 8L), (4121, 8L))
3g_a1_1sku	6920180209601	1	1	1536654607	0	1536654609	0	((4119, 8L), (4120, 8L), (4121, 8L))
3g_a1_1sku	6920180209601	1	2	1536654610	0	1536654612	0	((4119, 8L), (4120, 8L), (4121, 8L))
3g_a1_1sku	6920180209601	1	1	1536654615	0	1536654617	0	((4119, 9L), (4120, 8L), (4121, 8L))
3g_a1_1sku	6920180209601	1	2	1536654618	0	1536654620	0	((4119, 8L), (4120, 8L), (4121, 8L))
3g_a1_1sku	6920180209601	1	1	1536654623	0	1536654625	0	((4119, 8L), (4120, 8L), (4121, 8L))
3g_a1_1sku	6920180209601	1	2	1536654625	0	1536654627	0	((4119, 8L), (4120, 8L), (4121, 8L))
3g_a1_1sku	6920180209601	1	1	1536654774	0	1536654775	0	()
3g_a1_1sku	6920180209601	1	2	1536654776	0	1536654788	0	((4119, 89L), (4120, 90L), (4121, 88L))
3g_a1_1sku	6920180209601	1	1	1536654802	0	1536654804	0	((4119, 8L), (4120, 8L), (4121, 8L))
3g_a1_1sku	6920180209601	1	2	1536654804	0	1536654806	0	((4119, 8L), (4120, 8L), (4121, 9L))
3g_a1_1sku	6920180209601	1	1	1536654811	0	1536654813	0	((4119, 8L), (4120, 8L), (4121, 8L))
3g_a1_1sku	6920180209601	1	2	1536654813	0	1536654815	0	((4119, 8L), (4120, 9L), (4121, 8L))
3g_a1_1sku	6920180209601	1	1	1536654818	0	1536654820	0	((4119, 8L), (4120, 8L), (4121, 8L))
3g_a1_1sku	6920180209601	1	2	1536654820	0	1536654822	0	((4119, 8L), (4120, 8L), (4121, 8L))
3g_a1_1sku	6920180209601	1	1	1536654824	0	1536654826	0	((4119, 9L), (4120, 8L), (4121, 8L))
3g_a1_1sku	6920180209601	1	2	1536654827	0	1536654829	0	((4119, 9L), (4120, 8L), (4121, 8L))
3g_a1_1sku	6920180209601	1	1	1536654832	0	1536654834	0	((4119, 8L), (4120, 9L), (4121, 8L))
3g_a1_1sku	6920180209601	1	2	1536654834	0	1536654836	0	((4119, 8L), (4120, 8L), (4121, 7L))
3g_a1_1sku	6920180209601	1	1	1536654901	0	1536654905	0	((4119, 24L), (4120, 24L), (4121, 24L))
3g_a1_1sku	6920180209601	1	2	1536654906	0	1536654912	0	((4119, 41L), (4120, 41L), (4121, 40L))
3g_a1_1sku	6920180209601	1	1	1536654919	0	1536654921	0	((4119, 9L), (4120, 8L), (4121, 9L))
3g_a1_1sku	6920180209601	1	2	1536654921	0	1536654923	0	((4119, 9L), (4120, 9L), (4121, 8L))
3g_a1_1sku	6920180209601	1	1	1536654926	0	1536654928	0	((4119, 8L), (4120, 8L), (4121, 8L))
3g_a1_1sku	6920180209601	1	2	1536654928	0	1536654930	0	((4119, 8L), (4120, 8L), (4121, 8L))
3g_a1_1sku	6920180209601	1	1	1536654932	0	1536654934	0	((4119, 8L), (4120, 8L), (4121, 8L))
3g_a1_1sku	6920180209601	1	2	1536654934	0	1536654937	0	((4119, 16L), (4120, 16L), (4121, 16L))
3g_a1_1sku	6920180209601	1	1	1536654940	0	1536654942	0	((4119, 9L), (4120, 8L), (4121, 8L))
3g_a1_1sku	6920180209601	1	2	1536654942	0	1536654944	0	((4119, 8L), (4120, 8L), (4121, 8L))
3g_a1_1sku	6920180209601	1	1	1536654946	0	1536654948	0	((4119, 8L), (4120, 8L), (4121, 7L))
3g_a1_1sku	6920180209601	1	2	1536654949	0	1536654951	0	((4119, 8L), (4120, 8L), (4121, 9L))
