3g_a4_1sku	6938309713403	1	1	1536819530	0	1536819533	0	((4119, 4L), (4120, 3L), (4121, 4L))
3g_a4_1sku	6938309713403	1	2	1536819534	0	1536819540	0	((4119, 5L), (4120, 5L), (4121, 5L))
3g_a4_1sku	6938309713403	1	1	1536819547	0	1536819552	0	((4119, 4L), (4120, 4L), (4121, 4L))
3g_a4_1sku	6938309713403	1	2	1536819553	0	1536819562	0	((4119, 1L), (4121, 1L))
3g_a4_1sku	6938309713403	1	1	1536819580	0	1536819588	0	((4119, 11L), (4120, 10L), (4121, 11L))
3g_a4_1sku	6938309713403	1	2	1536819589	0	1536819596	0	((4119, 3L), (4120, 4L), (4121, 4L))
3g_a4_1sku	6938309713403	1	1	1536819612	0	1536819622	0	((4119, 9L), (4120, 11L), (4121, 10L))
3g_a4_1sku	6938309713403	1	2	1536819624	0	1536819631	0	((4119, 7L), (4120, 8L), (4121, 7L))
3g_a4_1sku	6938309713403	1	1	1536819637	0	1536819642	0	()
3g_a4_1sku	6938309713403	1	2	1536819643	0	1536819653	0	((4119, 12L), (4120, 12L), (4121, 11L))
3g_a4_1sku	6938309713403	1	1	1536819670	0	1536819678	0	((4119, 9L), (4120, 10L), (4121, 10L))
3g_a4_1sku	6938309713403	1	2	1536819680	0	1536819687	0	((4119, 6L), (4120, 5L), (4121, 5L))
3g_a4_1sku	6938309713403	1	1	1536819726	0	1536819736	0	((4119, 6L), (4120, 19L), (4121, 18L))
3g_a4_1sku	6938309713403	1	2	1536819745	0	1536819752	0	()
3g_a4_1sku	6938309713403	1	1	1536819762	0	1536819770	0	((4119, 21L), (4120, 26L), (4121, 26L))
3g_a4_1sku	6938309713403	1	2	1536819776	0	1536819783	0	((4119, 5L), (4120, 5L), (4121, 4L))
3g_a4_1sku	6938309713403	1	1	1536819789	0	1536819797	0	((4119, 15L), (4120, 17L), (4121, 17L))
3g_a4_1sku	6938309713403	1	2	1536819800	0	1536819808	0	((4119, 8L), (4120, 8L), (4121, 7L))
3g_a4_1sku	6938309713403	1	1	1536819814	0	1536819823	0	((4119, 23L), (4120, 24L), (4121, 24L))
3g_a4_1sku	6938309713403	1	2	1536819825	0	1536819833	0	((4119, 9L), (4120, 9L), (4121, 9L))
3g_a4_1sku	6938309713403	1	1	1536819836	0	1536819843	0	((4119, 12L), (4120, 11L), (4121, 12L))
3g_a4_1sku	6938309713403	1	2	1536819843	0	1536819851	0	((4119, 8L), (4120, 7L), (4121, 6L))
3g_a4_1sku	6938309713403	1	1	1536819860	0	1536819869	0	((4119, 13L), (4120, 12L), (4121, 12L))
3g_a4_1sku	6938309713403	1	2	1536819871	0	1536819878	0	()
3g_a4_1sku	6938309713403	1	1	1536819909	0	1536819918	0	((4119, 4L), (4120, 5L), (4121, 5L))
3g_a4_1sku	6938309713403	1	2	1536819918	0	1536819927	0	((4119, 6L), (4120, 5L), (4121, 6L))
3g_a4_1sku	6938309713403	1	1	1536819932	0	1536819939	0	((4119, 7L), (4120, 8L), (4121, 9L))
3g_a4_1sku	6938309713403	1	2	1536819941	0	1536819948	0	((4119, 3L), (4120, 2L), (4121, 3L))
3g_a4_1sku	6938309713403	1	1	1536819957	0	1536819960	0	((4119, 6L), (4120, 9L), (4121, 9L))
3g_a4_1sku	6938309713403	1	2	1536819961	0	1536819965	0	()
3g_a4_1sku	6938309713403	1	1	1536819975	0	1536819982	0	((4119, 9L), (4120, 10L), (4121, 10L))
3g_a4_1sku	6938309713403	1	2	1536819983	0	1536819991	0	((4119, 6L), (4120, 5L), (4121, 6L))
3g_a4_1sku	6938309713403	1	1	1536819994	0	1536820001	0	((4119, 8L), (4120, 9L), (4121, 8L))
3g_a4_1sku	6938309713403	1	2	1536820002	0	1536820009	0	((4119, 5L), (4120, 5L), (4121, 4L))
3g_a4_1sku	6938309713403	1	1	1536820015	0	1536820022	0	((4119, 7L), (4120, 9L), (4121, 9L))
3g_a4_1sku	6938309713403	1	2	1536820022	0	1536820029	0	((4119, 8L), (4120, 7L), (4121, 8L))
