3g_b1_2sku	6955608310058	1	1	1536721936	0	1536721940	0	((4119, 24L), (4120, 24L), (4121, 24L))
3g_b1_2sku	6955608310058	1	2	1536721940	0	1536721943	0	((4119, 17L), (4120, 17L), (4121, 16L))
3g_b1_2sku	6955608310058	1	1	1536721946	0	1536721949	0	((4119, 16L), (4120, 16L), (4121, 16L))
3g_b1_2sku	6955608310058	1	2	1536721949	0	1536721952	0	((4119, 17L), (4120, 16L), (4121, 16L))
3g_b1_2sku	6955608310058	1	1	1536721954	0	1536721957	0	((4119, 17L), (4120, 16L), (4121, 17L))
3g_b1_2sku	6955608310058	1	2	1536721957	0	1536721960	0	((4119, 17L), (4120, 16L), (4121, 17L))
3g_b1_2sku	6955608310058	1	1	1536722006	0	1536722010	0	((4119, 24L), (4120, 24L), (4121, 24L))
3g_b1_2sku	6955608310058	1	2	1536722010	0	1536722013	0	((4119, 17L), (4120, 16L), (4121, 16L))
3g_b1_2sku	6955608310058	1	1	1536722016	0	1536722019	0	((4119, 16L), (4120, 16L), (4121, 16L))
3g_b1_2sku	6955608310058	1	2	1536722019	0	1536722022	0	((4119, 17L), (4120, 16L), (4121, 16L))
3g_b1_2sku	6955608310058	1	1	1536722024	0	1536722026	0	((4119, 8L), (4120, 9L), (4121, 8L))
3g_b1_2sku	6955608310058	1	2	1536722027	0	1536722029	0	((4119, 8L), (4120, 8L), (4121, 8L))
3g_b1_2sku	6955608310058	1	1	1536722068	0	1536722071	0	((4119, 17L), (4120, 16L), (4121, 16L))
3g_b1_2sku	6955608310058	1	2	1536722072	0	1536722075	0	((4119, 16L), (4120, 17L), (4121, 16L))
3g_b1_2sku	6955608310058	1	1	1536722078	0	1536722080	0	((4119, 8L), (4120, 8L), (4121, 8L))
3g_b1_2sku	6955608310058	1	2	1536722080	0	1536722083	0	((4119, 16L), (4120, 16L), (4121, 16L))
3g_b1_2sku	6955608310058	1	1	1536722087	0	1536722089	0	((4119, 8L), (4120, 8L), (4121, 8L))
3g_b1_2sku	6955608310058	1	2	1536722089	0	1536722092	0	((4119, 16L), (4120, 16L), (4121, 16L))
