3g_k2_1sku	6901668004147	1	1	1536648127	0	1536648130	0	((4119, 16L), (4120, 16L), (4121, 16L))
3g_k2_1sku	6901668004147	1	2	1536648130	0	1536648132	0	((4119, 8L), (4120, 8L), (4121, 8L))
3g_k2_1sku	6901668004147	1	1	1536648134	0	1536648136	0	((4119, 8L), (4120, 7L), (4121, 8L))
3g_k2_1sku	6901668004147	1	2	1536648136	0	1536648138	0	((4119, 8L), (4120, 8L), (4121, 8L))
3g_k2_1sku	6901668004147	1	1	1536648141	0	1536648143	0	((4119, 8L), (4120, 8L), (4121, 7L))
3g_k2_1sku	6901668004147	1	2	1536648143	0	1536648145	0	((4119, 8L), (4120, 8L), (4121, 8L))
3g_k2_1sku	6901668004147	1	1	1536648148	0	1536648150	0	((4119, 8L), (4120, 9L), (4121, 8L))
3g_k2_1sku	6901668004147	1	2	1536648150	0	1536648153	0	((4119, 16L), (4120, 16L), (4121, 16L))
3g_k2_1sku	6901668004147	1	1	1536648155	0	1536648157	0	((4119, 8L), (4120, 7L), (4121, 9L))
3g_k2_1sku	6901668004147	1	2	1536648157	0	1536648160	0	((4119, 16L), (4120, 16L), (4121, 16L))
3g_k2_1sku	6901668004147	1	1	1536648163	0	1536648165	0	((4119, 9L), (4120, 8L), (4121, 8L))
3g_k2_1sku	6901668004147	1	2	1536648165	0	1536648168	0	((4119, 16L), (4120, 16L), (4121, 16L))
3g_k2_1sku	6901668004147	1	1	1536648222	0	1536648225	0	((4119, 16L), (4120, 16L), (4121, 16L))
3g_k2_1sku	6901668004147	1	2	1536648225	0	1536648227	0	((4119, 8L), (4120, 9L), (4121, 8L))
3g_k2_1sku	6901668004147	1	1	1536648229	0	1536648231	0	((4119, 8L), (4120, 8L), (4121, 8L))
3g_k2_1sku	6901668004147	1	2	1536648231	0	1536648233	0	((4119, 9L), (4120, 8L), (4121, 8L))
3g_k2_1sku	6901668004147	1	1	1536648235	0	1536648238	0	((4119, 16L), (4120, 16L), (4121, 16L))
3g_k2_1sku	6901668004147	1	2	1536648238	0	1536648240	0	((4119, 8L), (4120, 8L), (4121, 8L))
3g_k2_1sku	6901668004147	1	1	1536648242	0	1536648244	0	((4119, 9L), (4120, 8L), (4121, 8L))
3g_k2_1sku	6901668004147	1	2	1536648244	0	1536648246	0	((4119, 9L), (4120, 8L), (4121, 8L))
3g_k2_1sku	6901668004147	1	1	1536648248	0	1536648250	0	((4119, 8L), (4120, 8L), (4121, 8L))
3g_k2_1sku	6901668004147	1	2	1536648251	0	1536648253	0	((4119, 9L), (4120, 8L), (4121, 8L))
3g_k2_1sku	6901668004147	1	1	1536648255	0	1536648257	0	((4119, 8L), (4120, 8L), (4121, 8L))
3g_k2_1sku	6901668004147	1	2	1536648259	0	1536648261	0	((4119, 8L), (4120, 8L), (4121, 7L))
3g_k2_1sku	6901668004147	1	1	1536648292	0	1536648295	0	((4119, 16L), (4120, 16L), (4121, 16L))
3g_k2_1sku	6901668004147	1	2	1536648295	0	1536648298	0	((4119, 17L), (4120, 16L), (4121, 16L))
3g_k2_1sku	6901668004147	1	1	1536648301	0	1536648304	0	((4119, 16L), (4120, 16L), (4121, 16L))
3g_k2_1sku	6901668004147	1	2	1536648304	0	1536648306	0	((4119, 8L), (4120, 8L), (4121, 8L))
3g_k2_1sku	6901668004147	1	1	1536648308	0	1536648311	0	((4119, 16L), (4120, 16L), (4121, 17L))
3g_k2_1sku	6901668004147	1	2	1536648311	0	1536648313	0	((4119, 8L), (4120, 8L), (4121, 8L))
3g_k2_1sku	6901668004147	1	1	1536648316	0	1536648318	0	((4119, 8L), (4120, 7L), (4121, 8L))
3g_k2_1sku	6901668004147	1	2	1536648318	0	1536648320	0	((4119, 8L), (4120, 8L), (4121, 8L))
3g_k2_1sku	6901668004147	1	1	1536648322	0	1536648326	0	((4119, 24L), (4120, 25L), (4121, 24L))
3g_k2_1sku	6901668004147	1	2	1536648327	0	1536648329	0	((4119, 8L), (4120, 8L), (4121, 8L))
3g_k2_1sku	6901668004147	1	1	1536648331	0	1536648334	0	((4119, 16L), (4120, 17L), (4121, 15L))
3g_k2_1sku	6901668004147	1	2	1536648336	0	1536648338	0	((4119, 8L), (4120, 8L), (4121, 8L))
