3g_d3_2sku	6923555212800	1	1	1536740794	0	1536740796	0	()
3g_d3_2sku	6923555212800	1	2	1536740797	0	1536740801	0	()
3g_d3_2sku	6923555212800	1	1	1536743295	0	1536743298	0	((4119, 24L), (4120, 25L), (4121, 17L))
3g_d3_2sku	6923555212800	1	2	1536743301	0	1536743307	0	((4119, 40L), (4120, 41L), (4121, 3L))
3g_d3_2sku	6923555212800	1	1	1536743311	0	1536743314	0	((4119, 16L), (4120, 16L), (4121, 17L))
3g_d3_2sku	6923555212800	1	2	1536743314	0	1536743318	0	((4119, 25L), (4120, 25L), (4121, 8L))
3g_d3_2sku	6923555212800	1	1	1536743322	0	1536743327	0	((4119, 32L), (4120, 32L), (4121, 24L))
3g_d3_2sku	6923555212800	1	2	1536743327	0	1536743331	0	((4119, 25L), (4120, 25L), (4121, 13L))
3g_d3_2sku	6923555212800	1	1	1536743374	0	1536743378	0	((4119, 24L), (4120, 24L), (4121, 16L))
3g_d3_2sku	6923555212800	1	2	1536743379	0	1536743384	0	((4119, 33L), (4120, 33L), (4121, 16L))
3g_d3_2sku	6923555212800	1	1	1536743389	0	1536743393	0	((4119, 25L), (4120, 24L), (4121, 26L))
3g_d3_2sku	6923555212800	1	2	1536743393	0	1536743397	0	((4119, 24L), (4120, 25L), (4121, 14L))
3g_d3_2sku	6923555212800	1	1	1536743400	0	1536743403	0	((4119, 16L), (4120, 16L), (4121, 9L))
3g_d3_2sku	6923555212800	1	2	1536743404	0	1536743407	0	((4119, 16L), (4120, 16L), (4121, 8L))
3g_d3_2sku	6923555212800	1	1	1536743435	0	1536743438	0	((4119, 17L), (4120, 16L), (4121, 7L))
3g_d3_2sku	6923555212800	1	2	1536743439	0	1536743442	0	((4119, 16L), (4120, 16L), (4121, 9L))
3g_d3_2sku	6923555212800	1	1	1536743445	0	1536743447	0	((4119, 9L), (4120, 8L), (4121, 7L))
3g_d3_2sku	6923555212800	1	2	1536743448	0	1536743451	0	((4119, 16L), (4120, 16L), (4121, 11L))
3g_d3_2sku	6923555212800	1	1	1536743453	0	1536743456	0	((4119, 17L), (4120, 16L), (4121, 11L))
3g_d3_2sku	6923555212800	1	2	1536743456	0	1536743459	0	((4119, 16L), (4120, 16L), (4121, 11L))
