3g_c1_2sku	6954767417684	1	1	1536734602	0	1536734607	0	((4119, 33L), (4120, 33L), (4121, 32L))
3g_c1_2sku	6954767417684	1	2	1536734623	0	1536734626	0	((4119, 16L), (4120, 17L), (4121, 16L))
3g_c1_2sku	6954767417684	1	1	1536734630	0	1536734637	0	((4119, 49L), (4120, 49L), (4121, 48L))
3g_c1_2sku	6954767417684	1	2	1536734637	0	1536734640	0	((4119, 16L), (4120, 16L), (4121, 16L))
3g_c1_2sku	6954767417684	1	1	1536734645	0	1536734649	0	((4119, 24L), (4120, 24L), (4121, 25L))
3g_c1_2sku	6954767417684	1	2	1536734649	0	1536734653	0	((4119, 24L), (4120, 25L), (4121, 25L))
3g_c1_2sku	6954767417684	1	1	1536734728	0	1536734731	0	((4119, 16L), (4120, 16L), (4121, 16L))
3g_c1_2sku	6954767417684	1	2	1536734731	0	1536734734	0	((4119, 16L), (4120, 17L), (4121, 17L))
3g_c1_2sku	6954767417684	1	1	1536734736	0	1536734739	0	((4119, 17L), (4120, 17L), (4121, 16L))
3g_c1_2sku	6954767417684	1	2	1536734739	0	1536734741	0	((4119, 8L), (4120, 8L), (4121, 7L))
3g_c1_2sku	6954767417684	1	1	1536734744	0	1536734747	0	((4119, 16L), (4120, 17L), (4121, 15L))
3g_c1_2sku	6954767417684	1	2	1536734747	0	1536734750	0	((4119, 17L), (4120, 16L), (4121, 16L))
3g_c1_2sku	6954767417684	1	1	1536734782	0	1536734786	0	((4119, 24L), (4120, 25L), (4121, 24L))
3g_c1_2sku	6954767417684	1	2	1536734786	0	1536734789	0	((4119, 16L), (4120, 16L), (4121, 16L))
3g_c1_2sku	6954767417684	1	1	1536734791	0	1536734794	0	((4119, 16L), (4120, 16L), (4121, 15L))
3g_c1_2sku	6954767417684	1	2	1536734795	0	1536734797	0	((4119, 8L), (4120, 9L), (4121, 9L))
3g_c1_2sku	6954767417684	1	1	1536734800	0	1536734803	0	((4119, 16L), (4120, 16L), (4121, 16L))
3g_c1_2sku	6954767417684	1	2	1536734803	0	1536734806	0	((4119, 17L), (4120, 17L), (4121, 16L))
