3g_a4_1sku	6938309713403	1	1	1536655618	0	1536655620	0	((4119, 8L), (4120, 8L), (4121, 8L))
3g_a4_1sku	6938309713403	1	2	1536655620	0	1536655623	0	((4119, 16L), (4120, 16L), (4121, 16L))
3g_a4_1sku	6938309713403	1	1	1536655625	0	1536655628	0	((4119, 17L), (4120, 16L), (4121, 16L))
3g_a4_1sku	6938309713403	1	2	1536655628	0	1536655630	0	((4119, 8L), (4120, 9L), (4121, 9L))
3g_a4_1sku	6938309713403	1	1	1536655632	0	1536655635	0	((4119, 17L), (4120, 16L), (4121, 16L))
3g_a4_1sku	6938309713403	1	2	1536655635	0	1536655638	0	((4119, 16L), (4120, 16L), (4121, 16L))
3g_a4_1sku	6938309713403	1	1	1536655640	0	1536655643	0	((4119, 16L), (4120, 17L), (4121, 16L))
3g_a4_1sku	6938309713403	1	2	1536655643	0	1536655645	0	((4119, 8L), (4120, 8L), (4121, 7L))
3g_a4_1sku	6938309713403	1	1	1536655649	0	1536655651	0	((4119, 9L), (4120, 8L), (4121, 8L))
3g_a4_1sku	6938309713403	1	2	1536655651	0	1536655653	0	((4119, 8L), (4120, 8L), (4121, 8L))
3g_a4_1sku	6938309713403	1	1	1536655656	0	1536655658	0	((4119, 9L), (4120, 9L), (4121, 7L))
3g_a4_1sku	6938309713403	1	2	1536655658	0	1536655661	0	((4119, 16L), (4120, 16L), (4121, 16L))
3g_a4_1sku	6938309713403	1	1	1536655697	0	1536655700	0	((4119, 16L), (4120, 16L), (4121, 16L))
3g_a4_1sku	6938309713403	1	2	1536655700	0	1536655703	0	((4119, 17L), (4120, 16L), (4121, 16L))
3g_a4_1sku	6938309713403	1	1	1536655705	0	1536655708	0	((4119, 16L), (4120, 17L), (4121, 16L))
3g_a4_1sku	6938309713403	1	2	1536655708	0	1536655710	0	((4119, 8L), (4120, 8L), (4121, 8L))
3g_a4_1sku	6938309713403	1	1	1536655713	0	1536655715	0	((4119, 8L), (4120, 8L), (4121, 8L))
3g_a4_1sku	6938309713403	1	2	1536655715	0	1536655717	0	((4119, 8L), (4120, 8L), (4121, 8L))
3g_a4_1sku	6938309713403	1	1	1536655720	0	1536655722	0	((4119, 9L), (4120, 8L), (4121, 8L))
3g_a4_1sku	6938309713403	1	2	1536655723	0	1536655725	0	((4119, 8L), (4120, 9L), (4121, 7L))
3g_a4_1sku	6938309713403	1	1	1536655727	0	1536655729	0	((4119, 8L), (4120, 8L), (4121, 8L))
3g_a4_1sku	6938309713403	1	2	1536655730	0	1536655732	0	((4119, 9L), (4120, 8L), (4121, 8L))
3g_a4_1sku	6938309713403	1	1	1536655735	0	1536655737	0	((4119, 8L), (4120, 8L), (4121, 8L))
3g_a4_1sku	6938309713403	1	2	1536655737	0	1536655740	0	((4119, 16L), (4120, 16L), (4121, 16L))
3g_a4_1sku	6938309713403	1	1	1536655773	0	1536655776	0	((4119, 16L), (4120, 16L), (4121, 15L))
3g_a4_1sku	6938309713403	1	2	1536655776	0	1536655778	0	((4119, 8L), (4120, 8L), (4121, 8L))
3g_a4_1sku	6938309713403	1	1	1536655781	0	1536655783	0	((4119, 8L), (4120, 8L), (4121, 8L))
3g_a4_1sku	6938309713403	1	2	1536655783	0	1536655785	0	((4119, 8L), (4120, 8L), (4121, 8L))
3g_a4_1sku	6938309713403	1	1	1536655788	0	1536655790	0	((4119, 8L), (4120, 8L), (4121, 8L))
3g_a4_1sku	6938309713403	1	2	1536655790	0	1536655793	0	((4119, 17L), (4120, 16L), (4121, 16L))
3g_a4_1sku	6938309713403	1	1	1536655795	0	1536655798	0	((4119, 16L), (4120, 16L), (4121, 16L))
3g_a4_1sku	6938309713403	1	2	1536655798	0	1536655800	0	((4119, 8L), (4120, 8L), (4121, 8L))
3g_a4_1sku	6938309713403	1	1	1536655803	0	1536655805	0	((4119, 8L), (4120, 9L), (4121, 8L))
3g_a4_1sku	6938309713403	1	2	1536655805	0	1536655808	0	((4119, 16L), (4120, 17L), (4121, 17L))
3g_a4_1sku	6938309713403	1	1	1536655810	0	1536655813	0	((4119, 15L), (4120, 16L), (4121, 16L))
3g_a4_1sku	6938309713403	1	2	1536655813	0	1536655815	0	((4119, 8L), (4120, 8L), (4121, 8L))
