3g_d1_2sku	6956416205147	1	1	1536736959	0	1536736962	0	()
3g_d1_2sku	6956416205147	1	2	1536736962	0	1536736967	0	()
3g_d1_2sku	6956416205147	1	1	1536737047	0	1536737051	0	()
3g_d1_2sku	6956416205147	1	1	1536737314	0	1536737317	0	((4119, 16L), (4120, 17L), (4121, 16L))
3g_d1_2sku	6956416205147	1	2	1536737317	0	1536737320	0	((4119, 17L), (4120, 17L), (4121, 15L))
3g_d1_2sku	6956416205147	1	1	1536737323	0	1536737326	0	((4119, 16L), (4120, 17L), (4121, 17L))
3g_d1_2sku	6956416205147	1	2	1536737326	0	1536737330	0	((4119, 25L), (4120, 25L), (4121, 24L))
3g_d1_2sku	6956416205147	1	1	1536737333	0	1536737336	0	((4119, 16L), (4120, 16L), (4121, 16L))
3g_d1_2sku	6956416205147	1	2	1536737336	0	1536737339	0	((4119, 16L), (4120, 16L), (4121, 16L))
3g_d1_2sku	6956416205147	1	1	1536737377	0	1536737380	0	((4119, 16L), (4120, 16L), (4121, 16L))
3g_d1_2sku	6956416205147	1	2	1536737380	0	1536737384	0	((4119, 24L), (4120, 24L), (4121, 23L))
3g_d1_2sku	6956416205147	1	1	1536737386	0	1536737389	0	((4119, 16L), (4120, 16L), (4121, 16L))
3g_d1_2sku	6956416205147	1	2	1536737389	0	1536737392	0	((4119, 17L), (4120, 16L), (4121, 16L))
3g_d1_2sku	6956416205147	1	1	1536737394	0	1536737398	0	((4119, 25L), (4120, 24L), (4121, 24L))
3g_d1_2sku	6956416205147	1	2	1536737398	0	1536737401	0	((4119, 16L), (4120, 16L), (4121, 17L))
3g_d1_2sku	6956416205147	1	1	1536737428	0	1536737431	0	((4120, 16L), (4121, 15L))
3g_d1_2sku	6956416205147	1	2	1536737431	0	1536737434	0	((4120, 16L), (4121, 15L))
3g_d1_2sku	6956416205147	1	1	1536737437	0	1536737440	0	((4119, 16L), (4120, 16L), (4121, 16L))
3g_d1_2sku	6956416205147	1	2	1536737440	0	1536737443	0	((4119, 16L), (4120, 16L), (4121, 16L))
3g_d1_2sku	6956416205147	1	1	1536737446	0	1536737449	0	((4119, 16L), (4120, 16L), (4121, 16L))
3g_d1_2sku	6956416205147	1	2	1536737449	0	1536737452	0	((4119, 16L), (4120, 16L), (4121, 16L))
