3g_j3_1sku	6970590790053	1	1	1536647193	0	1536647195	0	((4119, 8L), (4120, 8L), (4121, 8L))
3g_j3_1sku	6970590790053	1	2	1536647195	0	1536647198	0	((4119, 16L), (4120, 17L), (4121, 16L))
3g_j3_1sku	6970590790053	1	1	1536647200	0	1536647202	0	((4119, 8L), (4120, 8L), (4121, 8L))
3g_j3_1sku	6970590790053	1	2	1536647202	0	1536647204	0	((4119, 8L), (4120, 9L), (4121, 8L))
3g_j3_1sku	6970590790053	1	1	1536647207	0	1536647209	0	((4119, 8L), (4120, 8L), (4121, 8L))
3g_j3_1sku	6970590790053	1	2	1536647209	0	1536647211	0	((4119, 8L), (4120, 9L), (4121, 8L))
3g_j3_1sku	6970590790053	1	1	1536647214	0	1536647216	0	((4119, 8L), (4120, 8L), (4121, 8L))
3g_j3_1sku	6970590790053	1	2	1536647216	0	1536647218	0	((4119, 8L), (4120, 9L), (4121, 8L))
3g_j3_1sku	6970590790053	1	1	1536647220	0	1536647223	0	((4119, 17L), (4120, 16L), (4121, 17L))
3g_j3_1sku	6970590790053	1	2	1536647223	0	1536647225	0	((4119, 8L), (4120, 9L), (4121, 8L))
3g_j3_1sku	6970590790053	1	1	1536647227	0	1536647230	0	((4119, 16L), (4120, 16L), (4121, 16L))
3g_j3_1sku	6970590790053	1	2	1536647230	0	1536647232	0	((4119, 8L), (4120, 8L), (4121, 9L))
3g_j3_1sku	6970590790053	1	1	1536647275	0	1536647278	0	((4119, 16L), (4120, 16L), (4121, 16L))
3g_j3_1sku	6970590790053	1	2	1536647278	0	1536647280	0	((4119, 8L), (4120, 9L), (4121, 7L))
3g_j3_1sku	6970590790053	1	1	1536647283	0	1536647285	0	((4119, 9L), (4120, 8L), (4121, 8L))
3g_j3_1sku	6970590790053	1	2	1536647285	0	1536647287	0	((4119, 8L), (4120, 7L), (4121, 8L))
3g_j3_1sku	6970590790053	1	1	1536647290	0	1536647292	0	((4119, 8L), (4120, 8L), (4121, 8L))
3g_j3_1sku	6970590790053	1	2	1536647292	0	1536647295	0	((4119, 16L), (4120, 17L), (4121, 16L))
3g_j3_1sku	6970590790053	1	1	1536647297	0	1536647299	0	((4119, 8L), (4120, 8L), (4121, 7L))
3g_j3_1sku	6970590790053	1	2	1536647299	0	1536647302	0	((4119, 17L), (4120, 17L), (4121, 16L))
3g_j3_1sku	6970590790053	1	1	1536647304	0	1536647306	0	((4119, 8L), (4120, 8L), (4121, 8L))
3g_j3_1sku	6970590790053	1	2	1536647306	0	1536647309	0	((4119, 16L), (4120, 16L), (4121, 16L))
3g_j3_1sku	6970590790053	1	1	1536647311	0	1536647313	0	((4119, 8L), (4120, 8L), (4121, 8L))
3g_j3_1sku	6970590790053	1	2	1536647314	0	1536647316	0	((4119, 8L), (4120, 9L), (4121, 8L))
3g_j3_1sku	6970590790053	1	1	1536647335	0	1536647338	0	((4119, 16L), (4120, 17L), (4121, 16L))
3g_j3_1sku	6970590790053	1	2	1536647338	0	1536647340	0	((4119, 8L), (4120, 8L), (4121, 8L))
3g_j3_1sku	6970590790053	1	1	1536647343	0	1536647345	0	((4119, 8L), (4120, 8L), (4121, 8L))
3g_j3_1sku	6970590790053	1	2	1536647345	0	1536647347	0	((4119, 7L), (4120, 8L), (4121, 9L))
3g_j3_1sku	6970590790053	1	1	1536647350	0	1536647352	0	((4119, 8L), (4120, 8L), (4121, 8L))
3g_j3_1sku	6970590790053	1	2	1536647353	0	1536647355	0	((4119, 7L), (4120, 8L), (4121, 8L))
3g_j3_1sku	6970590790053	1	1	1536647357	0	1536647359	0	((4119, 8L), (4120, 7L), (4121, 8L))
3g_j3_1sku	6970590790053	1	2	1536647359	0	1536647362	0	((4119, 16L), (4120, 16L), (4121, 17L))
3g_j3_1sku	6970590790053	1	1	1536647364	0	1536647366	0	((4119, 8L), (4120, 7L), (4121, 8L))
3g_j3_1sku	6970590790053	1	2	1536647366	0	1536647368	0	((4119, 8L), (4120, 8L), (4121, 8L))
3g_j3_1sku	6970590790053	1	1	1536647370	0	1536647373	0	((4119, 16L), (4120, 17L), (4121, 16L))
3g_j3_1sku	6970590790053	1	2	1536647373	0	1536647375	0	((4119, 8L), (4120, 8L), (4121, 8L))
