3g_g1_2sku	6903102100125	1	1	1536746468	0	1536746471	0	((4119, 17L), (4120, 17L), (4121, 8L))
3g_g1_2sku	6903102100125	1	2	1536746472	0	1536746475	0	((4119, 16L), (4120, 16L), (4121, 9L))
3g_g1_2sku	6903102100125	1	1	1536746478	0	1536746480	0	((4119, 8L), (4120, 8L), (4121, 10L))
3g_g1_2sku	6903102100125	1	2	1536746481	0	1536746484	0	((4119, 17L), (4120, 16L), (4121, 10L))
3g_g1_2sku	6903102100125	1	1	1536746491	0	1536746493	0	((4119, 8L), (4120, 8L), (4121, 7L))
3g_g1_2sku	6903102100125	1	2	1536746494	0	1536746496	0	((4119, 8L), (4120, 8L), (4121, 6L))
3g_g1_2sku	6903102100125	1	1	1536746612	0	1536746615	0	((4119, 16L), (4120, 16L), (4121, 16L))
3g_g1_2sku	6903102100125	1	2	1536746615	0	1536746618	0	((4119, 17L), (4120, 16L), (4121, 8L))
3g_g1_2sku	6903102100125	1	1	1536746621	0	1536746624	0	((4119, 17L), (4120, 16L), (4121, 19L))
3g_g1_2sku	6903102100125	1	2	1536746624	0	1536746627	0	((4119, 17L), (4120, 17L), (4121, 12L))
3g_g1_2sku	6903102100125	1	1	1536746631	0	1536746634	0	((4119, 17L), (4120, 16L), (4121, 15L))
3g_g1_2sku	6903102100125	1	2	1536746634	0	1536746637	0	((4119, 16L), (4120, 17L), (4121, 9L))
3g_g1_2sku	6903102100125	1	1	1536746675	0	1536746677	0	((4119, 8L), (4120, 8L), (4121, 8L))
3g_g1_2sku	6903102100125	1	2	1536746678	0	1536746680	0	((4119, 9L), (4120, 8L), (4121, 4L))
3g_g1_2sku	6903102100125	1	1	1536746685	0	1536746687	0	((4119, 9L), (4120, 8L), (4121, 9L))
3g_g1_2sku	6903102100125	1	2	1536746687	0	1536746691	0	((4119, 24L), (4120, 25L), (4121, 21L))
3g_g1_2sku	6903102100125	1	1	1536746698	0	1536746701	0	((4119, 16L), (4120, 16L), (4121, 15L))
3g_g1_2sku	6903102100125	1	2	1536746701	0	1536746704	0	((4119, 16L), (4120, 17L), (4121, 13L))
