3g_a3_1sku	6959764600510	1	1	1536818885	0	1536818899	0	((4119, 9L), (4120, 10L), (4121, 40L))
3g_a3_1sku	6959764600510	1	2	1536818922	0	1536818929	0	((4119, 19L), (4120, 18L), (4121, 18L))
3g_a3_1sku	6959764600510	1	1	1536819034	0	1536819037	0	((4119, 7L), (4120, 7L), (4121, 7L))
3g_a3_1sku	6959764600510	1	2	1536819038	0	1536819041	0	()
3g_a3_1sku	6959764600510	1	1	1536819047	0	1536819050	0	((4119, 7L), (4120, 6L), (4121, 6L))
3g_a3_1sku	6959764600510	1	2	1536819054	0	1536819058	0	((4119, 18L), (4120, 17L), (4121, 17L))
3g_a3_1sku	6959764600510	1	1	1536819069	0	1536819073	0	((4119, 7L), (4120, 7L), (4121, 7L))
3g_a3_1sku	6959764600510	1	2	1536819074	0	1536819079	0	((4119, 7L), (4120, 8L), (4121, 7L))
3g_a3_1sku	6959764600510	1	1	1536819084	0	1536819089	0	((4119, 11L), (4120, 11L), (4121, 10L))
3g_a3_1sku	6959764600510	1	2	1536819089	0	1536819094	0	()
3g_a3_1sku	6959764600510	1	1	1536819111	0	1536819115	0	((4119, 11L), (4120, 10L), (4121, 10L))
3g_a3_1sku	6959764600510	1	2	1536819115	0	1536819119	0	((4119, 5L), (4120, 5L), (4121, 5L))
3g_a3_1sku	6959764600510	1	1	1536819150	0	1536819153	0	((4119, 13L), (4120, 12L), (4121, 13L))
3g_a3_1sku	6959764600510	1	2	1536819155	0	1536819159	0	((4119, 5L), (4120, 6L), (4121, 5L))
3g_a3_1sku	6959764600510	1	1	1536819220	0	1536819224	0	((4119, 9L), (4120, 7L), (4121, 7L))
3g_a3_1sku	6959764600510	1	2	1536819225	0	1536819230	0	((4119, 10L), (4120, 9L), (4121, 9L))
3g_a3_1sku	6959764600510	1	1	1536819234	0	1536819238	0	((4119, 5L), (4120, 3L), (4121, 4L))
3g_a3_1sku	6959764600510	1	2	1536819238	0	1536819244	0	((4119, 17L), (4120, 16L), (4121, 17L))
3g_a3_1sku	6959764600510	1	1	1536819248	0	1536819253	0	((4119, 16L), (4120, 16L), (4121, 17L))
3g_a3_1sku	6959764600510	1	2	1536819253	0	1536819259	0	((4119, 3L), (4120, 2L), (4121, 2L))
3g_a3_1sku	6959764600510	1	1	1536819285	0	1536819289	0	((4119, 7L), (4120, 8L), (4121, 8L))
3g_a3_1sku	6959764600510	1	2	1536819290	0	1536819296	0	((4119, 4L), (4120, 5L), (4121, 4L))
3g_a3_1sku	6959764600510	1	1	1536819304	0	1536819310	0	((4119, 10L), (4120, 11L), (4121, 10L))
3g_a3_1sku	6959764600510	1	2	1536819310	0	1536819319	0	((4119, 13L), (4120, 13L), (4121, 13L))
3g_a3_1sku	6959764600510	1	1	1536819324	0	1536819330	0	((4119, 15L), (4120, 27L), (4121, 24L))
3g_a3_1sku	6959764600510	1	2	1536819331	0	1536819337	0	((4119, 5L), (4120, 4L), (4121, 5L))
3g_a3_1sku	6959764600510	1	1	1536819375	0	1536819381	0	((4119, 8L), (4120, 7L), (4121, 7L))
3g_a3_1sku	6959764600510	1	2	1536819381	0	1536819387	0	((4119, 2L), (4120, 2L), (4121, 2L))
3g_a3_1sku	6959764600510	1	1	1536819396	0	1536819402	0	((4119, 8L), (4120, 8L), (4121, 8L))
3g_a3_1sku	6959764600510	1	2	1536819402	0	1536819409	0	((4119, 9L), (4120, 6L), (4121, 6L))
3g_a3_1sku	6959764600510	1	1	1536819414	0	1536819421	0	((4119, 17L), (4120, 19L), (4121, 19L))
3g_a3_1sku	6959764600510	1	2	1536819421	0	1536819428	0	((4119, 12L), (4120, 12L), (4121, 12L))
3g_a3_1sku	6959764600510	1	1	1536819431	0	1536819434	0	((4119, 12L), (4120, 12L), (4121, 13L))
3g_a3_1sku	6959764600510	1	2	1536819435	0	1536819438	0	((4119, 8L), (4120, 8L), (4121, 8L))
3g_a3_1sku	6959764600510	1	1	1536819445	0	1536819448	0	((4119, 12L), (4120, 11L), (4121, 11L))
3g_a3_1sku	6959764600510	1	2	1536819448	0	1536819451	0	((4119, 5L), (4120, 5L), (4121, 5L))
3g_a3_1sku	6959764600510	1	1	1536819456	0	1536819458	0	((4119, 3L), (4120, 6L), (4121, 6L))
3g_a3_1sku	6959764600510	1	2	1536819459	0	1536819462	0	((4119, 7L), (4120, 6L), (4121, 7L))
