3g_k3_1sku	6911988005205	1	1	1536648389	0	1536648395	0	((4119, 41L), (4120, 41L), (4121, 41L))
3g_k3_1sku	6911988005205	1	2	1536648398	0	1536648400	0	((4119, 8L), (4120, 8L), (4121, 8L))
3g_k3_1sku	6911988005205	1	1	1536648402	0	1536648404	0	((4119, 9L), (4120, 8L), (4121, 8L))
3g_k3_1sku	6911988005205	1	2	1536648405	0	1536648407	0	((4119, 8L), (4120, 8L), (4121, 9L))
3g_k3_1sku	6911988005205	1	1	1536648409	0	1536648411	0	((4119, 9L), (4120, 8L), (4121, 8L))
3g_k3_1sku	6911988005205	1	2	1536648411	0	1536648414	0	((4119, 17L), (4120, 16L), (4121, 16L))
3g_k3_1sku	6911988005205	1	1	1536648416	0	1536648420	0	((4119, 24L), (4120, 24L), (4121, 25L))
3g_k3_1sku	6911988005205	1	2	1536648421	0	1536648423	0	((4119, 8L), (4120, 9L), (4121, 8L))
3g_k3_1sku	6911988005205	1	1	1536648425	0	1536648427	0	((4119, 9L), (4120, 8L), (4121, 8L))
3g_k3_1sku	6911988005205	1	2	1536648428	0	1536648430	0	((4119, 8L), (4120, 8L), (4121, 9L))
3g_k3_1sku	6911988005205	1	1	1536648434	0	1536648436	0	((4119, 9L), (4120, 9L), (4121, 8L))
3g_k3_1sku	6911988005205	1	2	1536648436	0	1536648440	0	((4119, 24L), (4120, 24L), (4121, 25L))
3g_k3_1sku	6911988005205	1	1	1536648477	0	1536648479	0	((4119, 8L), (4120, 8L), (4121, 8L))
3g_k3_1sku	6911988005205	1	2	1536648479	0	1536648481	0	((4119, 8L), (4120, 8L), (4121, 8L))
3g_k3_1sku	6911988005205	1	1	1536648483	0	1536648485	0	((4119, 9L), (4120, 8L), (4121, 8L))
3g_k3_1sku	6911988005205	1	2	1536648486	0	1536648488	0	((4119, 8L), (4120, 8L), (4121, 9L))
3g_k3_1sku	6911988005205	1	1	1536648490	0	1536648492	0	((4119, 8L), (4120, 8L), (4121, 8L))
3g_k3_1sku	6911988005205	1	2	1536648493	0	1536648495	0	((4119, 9L), (4120, 8L), (4121, 8L))
3g_k3_1sku	6911988005205	1	1	1536648497	0	1536648499	0	((4119, 8L), (4120, 8L), (4121, 8L))
3g_k3_1sku	6911988005205	1	2	1536648499	0	1536648501	0	((4119, 8L), (4120, 8L), (4121, 9L))
3g_k3_1sku	6911988005205	1	1	1536648503	0	1536648505	0	((4119, 8L), (4120, 9L), (4121, 8L))
3g_k3_1sku	6911988005205	1	2	1536648506	0	1536648508	0	((4119, 8L), (4120, 8L), (4121, 8L))
3g_k3_1sku	6911988005205	1	1	1536648511	0	1536648513	0	((4119, 8L), (4120, 8L), (4121, 9L))
3g_k3_1sku	6911988005205	1	2	1536648514	0	1536648516	0	((4119, 8L), (4120, 8L), (4121, 9L))
3g_k3_1sku	6911988005205	1	1	1536648542	0	1536648545	0	((4119, 16L), (4120, 16L), (4121, 16L))
3g_k3_1sku	6911988005205	1	2	1536648545	0	1536648547	0	((4119, 8L), (4120, 8L), (4121, 8L))
3g_k3_1sku	6911988005205	1	1	1536648550	0	1536648553	0	((4119, 17L), (4120, 16L), (4121, 16L))
3g_k3_1sku	6911988005205	1	2	1536648554	0	1536648556	0	((4119, 8L), (4120, 8L), (4121, 7L))
3g_k3_1sku	6911988005205	1	1	1536648558	0	1536648560	0	((4119, 8L), (4120, 8L), (4121, 8L))
3g_k3_1sku	6911988005205	1	2	1536648561	0	1536648563	0	((4119, 8L), (4120, 8L), (4121, 8L))
3g_k3_1sku	6911988005205	1	1	1536648565	0	1536648567	0	((4119, 8L), (4120, 7L), (4121, 8L))
3g_k3_1sku	6911988005205	1	2	1536648567	0	1536648570	0	((4119, 17L), (4120, 16L), (4121, 16L))
3g_k3_1sku	6911988005205	1	1	1536648572	0	1536648574	0	((4119, 8L), (4120, 8L), (4121, 8L))
3g_k3_1sku	6911988005205	1	2	1536648574	0	1536648576	0	((4119, 9L), (4120, 7L), (4121, 8L))
3g_k3_1sku	6911988005205	1	1	1536648579	0	1536648583	0	((4119, 24L), (4120, 24L), (4121, 24L))
3g_k3_1sku	6911988005205	1	2	1536648584	0	1536648586	0	((4119, 8L), (4120, 8L), (4121, 8L))
