3g_c2_1sku	6954767410586	1	1	1536823744	0	1536823746	0	((4119, 8L), (4120, 8L), (4121, 8L))
3g_c2_1sku	6954767410586	1	2	1536823747	0	1536823750	0	((4119, 16L), (4120, 16L), (4121, 16L))
3g_c2_1sku	6954767410586	1	1	1536823753	0	1536823756	0	((4119, 16L), (4120, 16L), (4121, 16L))
3g_c2_1sku	6954767410586	1	2	1536823756	0	1536823758	0	((4119, 8L), (4120, 8L), (4121, 9L))
3g_c2_1sku	6954767410586	1	1	1536823761	0	1536823764	0	((4119, 16L), (4120, 16L), (4121, 17L))
3g_c2_1sku	6954767410586	1	2	1536823764	0	1536823767	0	((4119, 16L), (4120, 15L), (4121, 16L))
3g_c2_1sku	6954767410586	1	1	1536823769	0	1536823772	0	((4119, 16L), (4120, 16L), (4121, 16L))
3g_c2_1sku	6954767410586	1	2	1536823772	0	1536823775	0	((4119, 16L), (4120, 17L), (4121, 16L))
3g_c2_1sku	6954767410586	1	1	1536823778	0	1536823780	0	((4119, 8L), (4120, 8L), (4121, 8L))
3g_c2_1sku	6954767410586	1	2	1536823781	0	1536823783	0	((4119, 8L), (4120, 8L), (4121, 8L))
3g_c2_1sku	6954767410586	1	1	1536823786	0	1536823788	0	((4119, 8L), (4120, 8L), (4121, 8L))
3g_c2_1sku	6954767410586	1	2	1536823789	0	1536823792	0	((4119, 16L), (4120, 17L), (4121, 16L))
3g_c2_1sku	6954767410586	1	1	1536823825	0	1536823827	0	((4119, 8L), (4120, 9L), (4121, 8L))
3g_c2_1sku	6954767410586	1	2	1536823828	0	1536823830	0	((4119, 8L), (4120, 8L), (4121, 8L))
3g_c2_1sku	6954767410586	1	1	1536823833	0	1536823836	0	((4119, 17L), (4120, 16L), (4121, 16L))
3g_c2_1sku	6954767410586	1	2	1536823836	0	1536823838	0	((4119, 8L), (4120, 8L), (4121, 8L))
3g_c2_1sku	6954767410586	1	1	1536823841	0	1536823843	0	((4119, 8L), (4120, 8L), (4121, 8L))
3g_c2_1sku	6954767410586	1	2	1536823843	0	1536823846	0	((4119, 16L), (4120, 16L), (4121, 16L))
3g_c2_1sku	6954767410586	1	1	1536823849	0	1536823854	0	((4119, 32L), (4120, 32L), (4121, 31L))
3g_c2_1sku	6954767410586	1	2	1536823854	0	1536823857	0	((4119, 16L), (4120, 16L), (4121, 16L))
3g_c2_1sku	6954767410586	1	1	1536823860	0	1536823862	0	((4119, 8L), (4120, 8L), (4121, 8L))
3g_c2_1sku	6954767410586	1	2	1536823863	0	1536823865	0	((4119, 8L), (4120, 8L), (4121, 8L))
3g_c2_1sku	6954767410586	1	1	1536823868	0	1536823871	0	((4119, 16L), (4120, 16L), (4121, 16L))
3g_c2_1sku	6954767410586	1	2	1536823871	0	1536823874	0	((4119, 16L), (4120, 16L), (4121, 16L))
3g_c2_1sku	6954767410586	1	1	1536823905	0	1536823907	0	((4119, 8L), (4120, 8L), (4121, 8L))
3g_c2_1sku	6954767410586	1	2	1536823908	0	1536823911	0	((4119, 17L), (4120, 16L), (4121, 16L))
3g_c2_1sku	6954767410586	1	1	1536823914	0	1536823916	0	((4119, 8L), (4120, 9L), (4121, 9L))
3g_c2_1sku	6954767410586	1	2	1536823916	0	1536823919	0	((4119, 16L), (4120, 16L), (4121, 16L))
3g_c2_1sku	6954767410586	1	1	1536823922	0	1536823924	0	((4119, 8L), (4120, 8L), (4121, 8L))
3g_c2_1sku	6954767410586	1	2	1536823925	0	1536823927	0	((4119, 8L), (4120, 8L), (4121, 8L))
3g_c2_1sku	6954767410586	1	1	1536823931	0	1536823933	0	((4119, 8L), (4120, 8L), (4121, 8L))
3g_c2_1sku	6954767410586	1	2	1536823934	0	1536823937	0	((4119, 16L), (4120, 16L), (4121, 16L))
3g_c2_1sku	6954767410586	1	1	1536823939	0	1536823942	0	((4119, 16L), (4120, 16L), (4121, 16L))
3g_c2_1sku	6954767410586	1	2	1536823943	0	1536823945	0	((4119, 8L), (4120, 7L), (4121, 8L))
3g_c2_1sku	6954767410586	1	1	1536823949	0	1536823951	0	((4119, 7L), (4120, 8L), (4121, 8L))
3g_c2_1sku	6954767410586	1	2	1536823952	0	1536823954	0	((4119, 8L), (4120, 8L), (4121, 8L))
