3g_g3_2sku	6902083881559	1	1	1536747106	0	1536747110	0	((4119, 24L), (4120, 25L), (4121, 19L))
3g_g3_2sku	6902083881559	1	2	1536747110	0	1536747113	0	((4119, 17L), (4120, 16L), (4121, 12L))
3g_g3_2sku	6902083881559	1	1	1536747116	0	1536747119	0	((4119, 17L), (4120, 16L), (4121, 19L))
3g_g3_2sku	6902083881559	1	2	1536747119	0	1536747121	0	((4119, 8L), (4120, 9L), (4121, 6L))
3g_g3_2sku	6902083881559	1	1	1536747124	0	1536747126	0	((4119, 9L), (4120, 9L), (4121, 5L))
3g_g3_2sku	6902083881559	1	2	1536747127	0	1536747131	0	((4119, 24L), (4120, 25L), (4121, 22L))
3g_g3_2sku	6902083881559	1	1	1536747190	0	1536747192	0	((4119, 8L), (4120, 9L), (4121, 3L))
3g_g3_2sku	6902083881559	1	2	1536747193	0	1536747196	0	((4119, 16L), (4120, 16L), (4121, 8L))
3g_g3_2sku	6902083881559	1	1	1536747199	0	1536747203	0	((4119, 24L), (4120, 25L), (4121, 26L))
3g_g3_2sku	6902083881559	1	2	1536747203	0	1536747205	0	((4119, 9L), (4120, 8L), (4121, 4L))
3g_g3_2sku	6902083881559	1	1	1536747209	0	1536747212	0	((4119, 17L), (4120, 16L), (4121, 17L))
3g_g3_2sku	6902083881559	1	2	1536747213	0	1536747216	0	((4119, 16L), (4120, 16L), (4121, 10L))
3g_g3_2sku	6902083881559	1	1	1536747246	0	1536747249	0	((4119, 16L), (4120, 16L), (4121, 15L))
3g_g3_2sku	6902083881559	1	2	1536747250	0	1536747252	0	((4119, 8L), (4120, 8L), (4121, 6L))
3g_g3_2sku	6902083881559	1	1	1536747255	0	1536747258	0	((4119, 17L), (4120, 17L), (4121, 18L))
3g_g3_2sku	6902083881559	1	2	1536747259	0	1536747262	0	((4119, 17L), (4120, 16L), (4121, 10L))
3g_g3_2sku	6902083881559	1	1	1536747264	0	1536747268	0	((4119, 25L), (4120, 25L), (4121, 15L))
3g_g3_2sku	6902083881559	1	2	1536747269	0	1536747272	0	((4119, 16L), (4120, 16L), (4121, 8L))
