3g_a1_1sku	6920180209601	1	1	1536817799	0	1536817802	0	((4119, 5L), (4120, 5L), (4121, 5L))
3g_a1_1sku	6920180209601	1	2	1536817802	0	1536817806	0	((4119, 12L), (4120, 11L), (4121, 12L))
3g_a1_1sku	6920180209601	1	1	1536817812	0	1536817815	0	((4119, 4L), (4120, 3L), (4121, 4L))
3g_a1_1sku	6920180209601	1	2	1536817816	0	1536817819	0	((4119, 1L), (4120, 1L), (4121, 1L))
3g_a1_1sku	6920180209601	1	1	1536817845	0	1536817848	0	((4119, 12L), (4120, 11L), (4121, 11L))
3g_a1_1sku	6920180209601	1	2	1536817850	0	1536817854	0	((4119, 3L), (4120, 3L), (4121, 3L))
3g_a1_1sku	6920180209601	1	1	1536817861	0	1536817867	0	((4119, 26L), (4120, 25L), (4121, 25L))
3g_a1_1sku	6920180209601	1	2	1536817869	0	1536817874	0	((4119, 15L), (4120, 14L), (4121, 14L))
3g_a1_1sku	6920180209601	1	1	1536817880	0	1536817883	0	((4119, 7L), (4120, 11L), (4121, 11L))
3g_a1_1sku	6920180209601	1	2	1536817884	0	1536817888	0	((4119, 5L), (4120, 5L), (4121, 5L))
3g_a1_1sku	6920180209601	1	1	1536817897	0	1536817901	0	((4119, 21L), (4120, 20L), (4121, 20L))
3g_a1_1sku	6920180209601	1	2	1536817908	0	1536817911	0	((4119, 9L), (4120, 9L), (4121, 8L))
3g_a1_1sku	6920180209601	1	1	1536817917	0	1536817921	0	((4119, 12L), (4120, 12L), (4121, 12L))
3g_a1_1sku	6920180209601	1	2	1536817924	0	1536817928	0	((4119, 11L), (4120, 11L), (4121, 11L))
3g_a1_1sku	6920180209601	1	1	1536817946	0	1536817949	0	((4119, 8L), (4120, 7L), (4121, 8L))
3g_a1_1sku	6920180209601	1	2	1536817953	0	1536817957	0	((4119, 12L), (4120, 13L), (4121, 13L))
3g_a1_1sku	6920180209601	1	1	1536818083	0	1536818087	0	((4119, 13L), (4120, 13L), (4121, 13L))
3g_a1_1sku	6920180209601	1	2	1536818089	0	1536818092	0	((4119, 11L), (4120, 11L), (4121, 11L))
3g_a1_1sku	6920180209601	1	1	1536818095	0	1536818098	0	((4119, 13L), (4120, 12L), (4121, 11L))
3g_a1_1sku	6920180209601	1	2	1536818100	0	1536818103	0	((4119, 4L), (4120, 3L), (4121, 3L))
3g_a1_1sku	6920180209601	1	1	1536818111	0	1536818115	0	((4119, 19L), (4120, 19L), (4121, 18L))
3g_a1_1sku	6920180209601	1	2	1536818116	0	1536818120	0	((4119, 6L), (4120, 6L), (4121, 6L))
3g_a1_1sku	6920180209601	1	1	1536818129	0	1536818132	0	((4119, 13L), (4120, 13L), (4121, 13L))
3g_a1_1sku	6920180209601	1	2	1536818134	0	1536818139	0	((4119, 15L), (4120, 15L), (4121, 15L))
3g_a1_1sku	6920180209601	1	1	1536818144	0	1536818150	0	((4119, 22L), (4120, 22L), (4121, 22L))
3g_a1_1sku	6920180209601	1	2	1536818152	0	1536818157	0	((4119, 15L), (4120, 14L), (4121, 14L))
3g_a1_1sku	6920180209601	1	1	1536818164	0	1536818168	0	((4119, 13L), (4120, 13L), (4121, 15L))
3g_a1_1sku	6920180209601	1	2	1536818170	0	1536818175	0	((4119, 7L), (4120, 7L), (4121, 6L))
3g_a1_1sku	6920180209601	1	1	1536818221	0	1536818225	0	((4119, 3L), (4120, 3L), (4121, 2L))
3g_a1_1sku	6920180209601	1	2	1536818227	0	1536818232	0	((4119, 15L), (4120, 15L), (4121, 15L))
3g_a1_1sku	6920180209601	1	1	1536818238	0	1536818243	0	((4119, 13L), (4120, 13L), (4121, 12L))
3g_a1_1sku	6920180209601	1	2	1536818245	0	1536818250	0	((4119, 11L), (4120, 11L), (4121, 11L))
3g_a1_1sku	6920180209601	1	1	1536818256	0	1536818261	0	((4119, 11L), (4120, 12L), (4121, 11L))
3g_a1_1sku	6920180209601	1	2	1536818264	0	1536818269	0	((4119, 16L), (4120, 16L), (4121, 16L))
3g_a1_1sku	6920180209601	1	1	1536818277	0	1536818282	0	((4119, 6L), (4120, 6L), (4121, 7L))
3g_a1_1sku	6920180209601	1	2	1536818283	0	1536818288	0	((4119, 8L), (4120, 7L), (4121, 7L))
3g_a1_1sku	6920180209601	1	1	1536818296	0	1536818302	0	((4119, 13L), (4120, 15L), (4121, 14L))
3g_a1_1sku	6920180209601	1	2	1536818303	0	1536818309	0	((4119, 17L), (4120, 17L), (4121, 17L))
3g_a1_1sku	6920180209601	1	1	1536818319	0	1536818327	0	((4119, 25L), (4120, 25L), (4121, 26L))
3g_a1_1sku	6920180209601	1	2	1536818330	0	1536818336	0	((4119, 8L), (4120, 8L), (4121, 8L))
