3g_d3_1sku	6923555212800	1	1	1536826285	0	1536826287	0	((4119, 8L), (4120, 8L), (4121, 8L))
3g_d3_1sku	6923555212800	1	2	1536826288	0	1536826290	0	((4119, 8L), (4120, 8L), (4121, 8L))
3g_d3_1sku	6923555212800	1	1	1536826293	0	1536826296	0	((4119, 16L), (4120, 16L), (4121, 16L))
3g_d3_1sku	6923555212800	1	2	1536826297	0	1536826299	0	((4119, 8L), (4120, 9L), (4121, 8L))
3g_d3_1sku	6923555212800	1	1	1536826301	0	1536826303	0	((4119, 9L), (4120, 8L), (4121, 8L))
3g_d3_1sku	6923555212800	1	2	1536826304	0	1536826305	0	()
3g_d3_1sku	6923555212800	1	1	1536826309	0	1536826311	0	((4119, 9L), (4120, 9L), (4121, 8L))
3g_d3_1sku	6923555212800	1	2	1536826312	0	1536826314	0	((4119, 8L), (4120, 8L), (4121, 8L))
3g_d3_1sku	6923555212800	1	1	1536826316	0	1536826319	0	((4119, 16L), (4120, 16L), (4121, 17L))
3g_d3_1sku	6923555212800	1	2	1536826319	0	1536826321	0	((4119, 8L), (4120, 8L), (4121, 9L))
3g_d3_1sku	6923555212800	1	1	1536826324	0	1536826327	0	((4119, 17L), (4120, 16L), (4121, 16L))
3g_d3_1sku	6923555212800	1	2	1536826327	0	1536826329	0	((4119, 8L), (4120, 8L), (4121, 8L))
3g_d3_1sku	6923555212800	1	1	1536826359	0	1536826361	0	((4119, 8L), (4120, 8L), (4121, 8L))
3g_d3_1sku	6923555212800	1	2	1536826362	0	1536826364	0	((4119, 9L), (4120, 8L), (4121, 8L))
3g_d3_1sku	6923555212800	1	1	1536826367	0	1536826369	0	((4119, 8L), (4120, 8L), (4121, 9L))
3g_d3_1sku	6923555212800	1	2	1536826370	0	1536826371	0	()
3g_d3_1sku	6923555212800	1	1	1536826374	0	1536826376	0	((4119, 8L), (4120, 8L), (4121, 8L))
3g_d3_1sku	6923555212800	1	2	1536826376	0	1536826378	0	((4119, 8L), (4120, 8L), (4121, 8L))
3g_d3_1sku	6923555212800	1	1	1536826380	0	1536826382	0	((4119, 8L), (4120, 8L), (4121, 8L))
3g_d3_1sku	6923555212800	1	2	1536826383	0	1536826385	0	((4119, 8L), (4120, 9L), (4121, 8L))
3g_d3_1sku	6923555212800	1	1	1536826387	0	1536826389	0	((4119, 9L), (4120, 8L), (4121, 8L))
3g_d3_1sku	6923555212800	1	2	1536826390	0	1536826392	0	((4119, 9L), (4120, 8L), (4121, 8L))
3g_d3_1sku	6923555212800	1	1	1536826394	0	1536826396	0	((4119, 8L), (4120, 8L), (4121, 8L))
3g_d3_1sku	6923555212800	1	2	1536826397	0	1536826399	0	((4119, 9L), (4120, 7L), (4121, 8L))
3g_d3_1sku	6923555212800	1	1	1536826423	0	1536826425	0	((4119, 8L), (4120, 8L), (4121, 8L))
3g_d3_1sku	6923555212800	1	2	1536826426	0	1536826428	0	((4119, 8L), (4120, 8L), (4121, 8L))
3g_d3_1sku	6923555212800	1	1	1536826430	0	1536826433	0	((4119, 16L), (4120, 16L), (4121, 16L))
3g_d3_1sku	6923555212800	1	2	1536826433	0	1536826435	0	((4119, 8L), (4120, 8L), (4121, 8L))
3g_d3_1sku	6923555212800	1	1	1536826438	0	1536826440	0	((4119, 8L), (4120, 7L), (4121, 9L))
3g_d3_1sku	6923555212800	1	2	1536826440	0	1536826442	0	((4119, 8L), (4120, 8L), (4121, 8L))
3g_d3_1sku	6923555212800	1	1	1536826445	0	1536826447	0	((4119, 8L), (4120, 7L), (4121, 8L))
3g_d3_1sku	6923555212800	1	2	1536826449	0	1536826450	0	()
3g_d3_1sku	6923555212800	1	1	1536826455	0	1536826457	0	((4119, 8L), (4120, 7L), (4121, 8L))
3g_d3_1sku	6923555212800	1	2	1536826458	0	1536826460	0	((4119, 8L), (4120, 8L), (4121, 8L))
3g_d3_1sku	6923555212800	1	1	1536826463	0	1536826465	0	((4119, 8L), (4120, 7L), (4121, 7L))
3g_d3_1sku	6923555212800	1	2	1536826466	0	1536826468	0	((4119, 8L), (4120, 8L), (4121, 8L))
