3g_f3_1sku	6957735788861	1	1	1536633507	0	1536633510	0	((4119, 16L), (4120, 16L), (4121, 17L))
3g_f3_1sku	6957735788861	1	2	1536633510	0	1536633512	0	((4119, 8L), (4120, 9L), (4121, 8L))
3g_f3_1sku	6957735788861	1	1	1536633515	0	1536633517	0	((4119, 9L), (4120, 8L), (4121, 8L))
3g_f3_1sku	6957735788861	1	2	1536633517	0	1536633550	0	((4119, 260L), (4120, 261L), (4121, 259L))
3g_f3_1sku	6957735788861	1	1	1536633557	0	1536633558	0	()
3g_f3_1sku	6957735788861	1	2	1536633559	0	1536633562	0	((4119, 16L), (4120, 17L), (4121, 16L))
3g_f3_1sku	6957735788861	1	1	1536633575	0	1536633578	0	((4119, 16L), (4120, 16L), (4121, 16L))
3g_f3_1sku	6957735788861	1	2	1536633599	0	1536633601	0	((4119, 8L), (4120, 8L), (4121, 7L))
3g_f3_1sku	6957735788861	1	1	1536633604	0	1536633607	0	((4119, 17L), (4120, 17L), (4121, 16L))
3g_f3_1sku	6957735788861	1	2	1536633607	0	1536633611	0	((4119, 24L), (4120, 24L), (4121, 25L))
3g_f3_1sku	6957735788861	1	1	1536633614	0	1536633616	0	((4119, 8L), (4120, 8L), (4121, 8L))
3g_f3_1sku	6957735788861	1	2	1536633616	0	1536633619	0	((4119, 17L), (4120, 17L), (4121, 16L))
3g_f3_1sku	6957735788861	1	1	1536633665	0	1536633668	0	((4119, 16L), (4120, 16L), (4121, 16L))
3g_f3_1sku	6957735788861	1	2	1536633668	0	1536633671	0	((4119, 17L), (4120, 17L), (4121, 16L))
3g_f3_1sku	6957735788861	1	1	1536633674	0	1536633676	0	((4119, 8L), (4120, 9L), (4121, 8L))
3g_f3_1sku	6957735788861	1	2	1536633676	0	1536633679	0	((4119, 17L), (4120, 17L), (4121, 17L))
3g_f3_1sku	6957735788861	1	1	1536633684	0	1536633686	0	((4119, 8L), (4120, 8L), (4121, 8L))
3g_f3_1sku	6957735788861	1	2	1536633686	0	1536633689	0	((4119, 16L), (4120, 16L), (4121, 16L))
3g_f3_1sku	6957735788861	1	1	1536633691	0	1536633693	0	((4119, 8L), (4120, 8L), (4121, 8L))
3g_f3_1sku	6957735788861	1	2	1536633694	0	1536633696	0	((4119, 9L), (4120, 8L), (4121, 8L))
3g_f3_1sku	6957735788861	1	1	1536633698	0	1536633701	0	((4119, 16L), (4120, 16L), (4121, 16L))
3g_f3_1sku	6957735788861	1	2	1536633701	0	1536633704	0	((4119, 16L), (4120, 16L), (4121, 16L))
3g_f3_1sku	6957735788861	1	1	1536633707	0	1536633709	0	((4119, 9L), (4120, 8L), (4121, 8L))
3g_f3_1sku	6957735788861	1	2	1536633709	0	1536633712	0	((4119, 16L), (4120, 16L), (4121, 17L))
3g_f3_1sku	6957735788861	1	1	1536633742	0	1536633745	0	((4119, 16L), (4120, 16L), (4121, 15L))
3g_f3_1sku	6957735788861	1	2	1536633745	0	1536633748	0	((4119, 15L), (4120, 16L), (4121, 16L))
3g_f3_1sku	6957735788861	1	1	1536633750	0	1536633752	0	((4119, 8L), (4120, 9L), (4121, 8L))
3g_f3_1sku	6957735788861	1	2	1536633753	0	1536633755	0	((4119, 9L), (4120, 8L), (4121, 8L))
3g_f3_1sku	6957735788861	1	1	1536633757	0	1536633759	0	((4119, 8L), (4120, 8L), (4121, 8L))
3g_f3_1sku	6957735788861	1	2	1536633759	0	1536633762	0	((4119, 16L), (4120, 16L), (4121, 16L))
3g_f3_1sku	6957735788861	1	1	1536633765	0	1536633767	0	((4119, 8L), (4120, 8L), (4121, 8L))
3g_f3_1sku	6957735788861	1	2	1536633767	0	1536633770	0	((4119, 16L), (4120, 16L), (4121, 16L))
3g_f3_1sku	6957735788861	1	1	1536633772	0	1536633775	0	((4119, 16L), (4120, 16L), (4121, 16L))
3g_f3_1sku	6957735788861	1	2	1536633775	0	1536633778	0	((4119, 16L), (4120, 16L), (4121, 16L))
3g_f3_1sku	6957735788861	1	1	1536633781	0	1536633783	0	((4119, 9L), (4120, 8L), (4121, 8L))
3g_f3_1sku	6957735788861	1	2	1536633783	0	1536633786	0	((4119, 16L), (4120, 16L), (4121, 16L))
